5 5 100
5 5 1
5 15 1
5 25 1
5 35 1
5 45 1
5 55 1
5 65 1
5 75 1
5 85 1
5 95 1
5 105 1
5 115 1
5 125 1
5 135 1
5 145 1
15 5 1
15 15 1
15 25 1
15 35 1
15 45 1
15 55 1
15 65 1
15 75 1
15 85 1
15 95 1
15 105 1
15 115 1
15 125 1
15 135 1
15 145 1
25 5 1
25 15 1
25 25 1
25 35 1
25 45 1
25 55 1
25 65 1
25 75 1
25 85 1
25 95 1
25 105 1
25 115 1
25 125 1
25 135 1
25 145 1
35 5 1
35 15 1
35 25 1
35 35 1
35 45 1
35 55 1
35 65 1
35 75 1
35 85 1
35 95 1
35 105 1
35 115 1
35 125 1
35 135 1
35 145 1
45 5 1
45 15 1
45 25 1
45 35 1
45 45 1
45 55 1
45 65 1
45 75 1
45 85 1
45 95 1
45 105 1
45 115 1
45 125 1
45 135 1
45 145 1
5.510566444265319 20.907949111045916
43.6617444562813 26.926511014100306
35.99782018844051 66.10477019907063
23.25527692753633 86.73718073354587
32.91149910874483 21.26747008119349
43.056015989205015 9.626567913834972
38.21082626497524 90.93314363883417
16.282425497100117 142.06012978032567
35.49055520397968 51.522238654934
44.97681072627977 122.61325217264334
4.047988497166233 18.78269383291468
24.434751727865827 94.31415609875009
37.66596184058454 148.71029226652396
44.6490982198897 51.551179866699556
30.85773344755235 75.48640396995874
31.797106384841328 26.69893016595507
16.57774814815277 81.92844485524606
44.80739350036587 144.41368328558087
47.79842980217021 92.05295555080863
4.810789196821879 149.46593032904542
30.78728782244149 72.97023122486324
28.810298802045153 69.87664797492246
35.982530033264034 145.80543222847274
29.46165589576418 85.94909921789078
40.78461020112199 26.197085173371214
26.115043915168396 31.98987948284069
12.333888325329811 149.8397349220436
19.390443047295708 82.04476905241962
15.522678445483129 64.91818683322336
39.24615208129655 69.74143687717644
24.557735872781578 119.01806339553677
26.773960029739662 149.75807076078843
29.205126383523904 68.92873823453147
14.988163047725116 96.06606140221446
46.300168915956064 8.170614278473654
37.333740087144804 27.28988809824493
19.822198972241882 11.021842905489166
34.68604056436571 110.64425221203534
19.28833922367335 48.2130520044599
26.855479295951056 61.04004634743301
19.375878998260532 37.91574909340418
35.66503443259877 144.29311039393102
11.43921916447687 102.20728501461764
21.037177830257995 57.88778613580748
44.91578996886827 125.5120906160024
43.5725377750101 24.040420418236074
21.35963918744277 54.93896581758987
23.417799347526625 91.17740973997904
8.558305277703425 71.14100799305858
23.2973783338451 16.547317979861266
2.6704474628633457 100.47888245211576
8.731041165047005 70.97806570040271
36.86837849702251 47.792357011277836
27.084471421208868 148.05755625218177
26.314168779744602 13.239926710819432
40.994238934405764 31.014559159741868
28.997149205284323 16.282127941345472
18.616070880687978 73.28744811029132
14.82857451107067 86.47079154166936
7.564894938758404 59.5931863696042
27.501186547346528 86.69648492280373
33.373675924628365 68.21403345788113
41.57190744895429 122.67928289323729
23.591212845070565 48.80463610428
23.49399674285399 50.45095142687689
28.13246535853291 144.86681540271618
16.284628196201723 127.65193664335607
36.85665779612995 23.634224991554444
16.945590164934398 120.57286571976762
26.06973590621278 107.94055430249131
8.198044233949508 143.2539247832628
3.5268446984668858 0.10307251288637076
31.830988075314682 130.5685752872724
18.340493597014497 113.8781947046828
25.49476949380046 27.11486469672791
5.4563938597063375 98.68738016447857
31.980834968769123 22.725083230384897
27.71468560086853 0.9194152739162798
29.526963124294923 85.21914626699088
31.507499582538443 127.70155877337882
2.196850431908104 43.801513492259645
43.75653646445775 65.65514810651504
18.564886257124503 67.07264860831145
5.98904532565781 71.55984687857918
48.800232347558534 100.65459143391722
34.127040490582914 0.6137747358115397
29.482635907208206 67.69865367753025
10.041757395026075 96.30946468407305
17.282398793667227 77.63979662161083
41.64812116193138 19.945128451368177
13.350828242345585 42.574962047393335
14.891951921399095 106.03563342612213
2.7484051276847667 39.90760795233199
3.983213060292079 81.4831149008659
18.68427859128937 8.613370907761459
3.7141575057887346 56.05068733181885
49.92634887986664 8.873727719040636
20.91244510885872 93.73223562591656
32.836689296376214 68.52265625772051
10.758514935226742 50.19414157161794
