5 5 30
10 10 1
30 10 1
50 10 1
70 10 1
90 10 1
10 30 1
30 30 1
50 30 1
70 30 1
90 30 1
10 50 1
30 50 1
50 50 1
70 50 1
90 50 1
10 70 1
30 70 1
50 70 1
70 70 1
90 70 1
10 90 1
30 90 1
50 90 1
70 90 1
90 90 1
82.0818390693959 25.810022699904035
14.307948356388367 5.105603298214212
45.02380008220618 16.25027968644811
77.17174178443564 58.33034229114284
37.6045623494623 34.0106119055536
9.013866136034366 13.179092302985351
89.0501281852092 16.98893118071132
53.60667087420242 57.2198077204874
75.13712994357913 16.48072422725474
39.428654639720975 13.453726260023203
11.53700495631601 37.45310557583035
53.046558983619185 32.2300649185017
38.9710301791529 55.78867067047808
2.95129243848542 85.27793132871281
1.8196218288336286 40.28192057768811
71.4442369873475 0.7618511150429552
14.794024630858903 2.1063009320949178
13.771316072674722 58.287169102780645
74.41420952836616 96.60954905900412
53.135463036371945 87.96755732612135
41.64183190965094 52.7743666364437
95.76566371540738 2.6504634957572604
91.07586039498618 30.093619659798154
43.983277969578914 93.6540734865008
43.693044906992654 92.08990550762584
67.1603357703508 14.745916005137328
97.63899108290023 3.0287933166518344
68.96557333996513 32.025067696505616
96.33177324282809 24.348823709239497
18.33035424272663 25.333725409231345
