5 5 100
10 10 1
30 10 1
50 10 1
70 10 1
90 10 1
10 30 1
30 30 1
50 30 1
70 30 1
90 30 1
10 50 1
30 50 1
50 50 1
70 50 1
90 50 1
10 70 1
30 70 1
50 70 1
70 70 1
90 70 1
10 90 1
30 90 1
50 90 1
70 90 1
90 90 1
86.49908466777218 13.467273662645285
1.997882167250875 35.685657591524965
3.482035122026317 2.769338701292101
62.84680115763705 10.902091255001379
18.373222534760703 53.68770600690005
87.63172964051867 24.392460386456683
33.08060895448436 56.34215721137971
12.075437347617635 93.83756541395728
49.183470005596696 1.0491208819515374
63.70417912750821 74.12432223146274
92.02123246587797 95.65191685598626
66.4831110911224 36.44502734041082
97.02048097258213 78.53154263709096
54.118970525450706 47.051135086769335
59.893408975807795 10.824614709383141
78.44619892459119 91.54605449379534
43.591230604183984 90.79243200746822
69.87930654695734 91.14099517277356
63.5027053900211 99.91164136427722
65.66691847885568 67.37092495583958
34.88261782184687 60.03136301890481
16.629681103723783 47.538279063217004
27.992126068193368 59.96567775033487
48.20534871221957 71.10442328134457
28.94127413140193 8.34029718580217
85.59406850158503 96.07366754332331
47.277558468618764 88.71681257664913
54.05882166055835 6.230684645223416
1.0295528764276751 76.64935495327325
84.72748062633408 70.20753879271695
37.89105109277374 2.165231846109239
25.728107442997906 0.07953050806623896
51.35646207881387 37.73154428929784
67.14911560889165 49.36293026156867
41.096690619711666 95.24931330689476
32.818239728375396 67.48580577045243
81.23921661754825 54.877615208897225
14.58118175554992 65.73352034469863
79.89946696413561 63.58680739676454
4.743156176022101 13.849371443107561
94.40230072949541 32.87942435696988
74.54897806363151 66.17357222374149
40.88523234607398 72.02419545531352
53.200468679123716 85.77158424194027
71.6236644268755 30.67093524508143
76.30787016933806 4.847255124710137
89.04871825374694 73.60975174807885
11.758771656203848 34.081379426259
13.443868119761948 85.61285338857226
83.91101293800264 93.38216322923016
78.80781901602997 55.16898409698578
69.62238936260434 45.592259170194396
52.014818906302715 59.59421823380451
82.28383741236934 89.63691617054245
46.41890597544195 88.44771265679121
43.065741664546785 93.11778223715618
10.036221442185644 41.62175210901344
38.02755515533216 84.66517996030103
36.974959259296945 19.847024316731133
20.59562706160536 42.38285084479504
90.48641480808529 3.7129150693562596
45.84855723824713 85.8053776936126
10.879387666735052 40.613204354979274
58.56483658919313 21.647989485693376
75.32629687083573 71.08206317223394
62.88608038227031 88.90679725930998
76.65070210858005 84.28344679472227
64.98757733068918 72.05744071600165
32.01284347467347 39.32956081493738
23.417368407265926 36.07792832025787
30.862852239937332 70.6813710252607
30.36966657292034 98.6705171369641
12.050726214786234 99.2194653770854
14.070066796768055 8.568399817508631
4.994390749593558 57.66109048479879
55.361255061537165 25.62270096666015
36.809680050710334 84.00389527829391
39.8277917898408 74.63891263142835
24.953505668792943 60.94049069718752
1.1300536541345996 54.40616161319755
96.54872696042635 94.15876184325427
86.10017080928539 89.03595603633215
37.54313296973947 1.0243195617418044
97.52627371524581 83.05698844278714
73.51434429368635 7.6864942739524045
13.690237504402415 50.5070864874928
17.61722135828354 17.90906769365277
91.812718674469 68.30695770109787
64.02146609518351 69.39365695052008
17.174745444362095 46.22462944946288
92.56978260080135 15.149548468832352
0.49445186387970796 6.416308593206621
19.64874346578318 81.31888179678913
46.692775376114305 11.390928010772905
32.42475953302496 74.03931463762873
84.8943911587247 70.79918139722311
51.95598181144736 36.81463922057719
78.65162403177727 95.41141561016423
35.23761094956374 18.04354949065653
70.84773288004232 49.02428998429856
