5 5 30
10 10 1
30 10 1
50 10 1
70 10 1
90 10 1
10 30 1
30 30 1
50 30 1
70 30 1
90 30 1
10 50 1
30 50 1
50 50 1
70 50 1
90 50 1
10 70 1
30 70 1
50 70 1
70 70 1
90 70 1
10 90 1
30 90 1
50 90 1
70 90 1
90 90 1
71.21903008133306 39.82882580152091
60.8909242182616 91.20585351451781
71.42041302493442 82.51991469413034
27.37058694278458 8.501995497005243
51.01068771379699 17.866897949786285
75.92769202571492 54.97107912996929
59.6732855121327 21.28781264299484
39.77540590299087 82.86167426191837
63.731725620670495 32.93478404052653
55.09579700499317 51.89933293996452
84.95679023922281 63.979887707699454
10.313333435262972 8.938594427050106
21.99598613827162 82.31561563557952
37.78584526016526 0.30650060148934566
64.43314556322055 44.500031200072264
22.984662414410593 7.191092784451447
70.6406550542522 52.87476064563212
92.9528520623972 20.477404821554234
36.35580786358725 83.06565881160977
72.65596291485856 22.624092337611057
24.946492287682165 71.91707802142405
41.72427267079881 0.00030972764590853075
46.24936854004218 92.5053704686931
49.78805473450178 39.99831399476883
37.58175935731638 8.049512919863833
87.06864600631812 13.908630092379893
42.21217550774667 46.65276638814673
27.249218615603844 4.702695211737929
4.794649819005137 88.16332580211072
93.89507370892777 54.31357319964037
