10 10 100
7 7 1
22 7 1
37 7 1
52 7 1
67 7 1
82 7 1
97 7 1
112 7 1
127 7 1
142 7 1
7 22 1
22 22 1
37 22 1
52 22 1
67 22 1
82 22 1
97 22 1
112 22 1
127 22 1
142 22 1
7 37 1
22 37 1
37 37 1
52 37 1
67 37 1
82 37 1
97 37 1
112 37 1
127 37 1
142 37 1
7 52 1
22 52 1
37 52 1
52 52 1
67 52 1
82 52 1
97 52 1
112 52 1
127 52 1
142 52 1
7 67 1
22 67 1
37 67 1
52 67 1
67 67 1
82 67 1
97 67 1
112 67 1
127 67 1
142 67 1
7 82 1
22 82 1
37 82 1
52 82 1
67 82 1
82 82 1
97 82 1
112 82 1
127 82 1
142 82 1
7 97 1
22 97 1
37 97 1
52 97 1
67 97 1
82 97 1
97 97 1
112 97 1
127 97 1
142 97 1
7 112 1
22 112 1
37 112 1
52 112 1
67 112 1
82 112 1
97 112 1
112 112 1
127 112 1
142 112 1
7 127 1
22 127 1
37 127 1
52 127 1
67 127 1
82 127 1
97 127 1
112 127 1
127 127 1
142 127 1
7 142 1
22 142 1
37 142 1
52 142 1
67 142 1
82 142 1
97 142 1
112 142 1
127 142 1
142 142 1
16.531699332795956 20.907949111045916
130.9852333688439 26.926511014100306
107.99346056532151 66.10477019907063
69.76583078260899 86.73718073354587
98.73449732623449 21.26747008119349
129.16804796761505 9.626567913834972
114.63247879492572 90.93314363883417
48.84727649130035 142.06012978032567
106.47166561193903 51.522238654934
134.9304321788393 122.61325217264334
12.143965491498697 18.78269383291468
73.30425518359748 94.31415609875009
112.99788552175363 148.71029226652396
133.9472946596691 51.551179866699556
92.57320034265705 75.48640396995874
95.39131915452398 26.69893016595507
49.733244444458315 81.92844485524606
134.4221805010976 144.41368328558087
143.39528940651064 92.05295555080863
14.432367590465638 149.46593032904542
92.36186346732447 72.97023122486324
86.43089640613546 69.87664797492246
107.9475900997921 145.80543222847274
88.38496768729254 85.94909921789078
122.35383060336599 26.197085173371214
78.34513174550518 31.98987948284069
37.001664975989435 149.8397349220436
58.17132914188712 82.04476905241962
46.568035336449384 64.91818683322336
117.73845624388964 69.74143687717644
73.67320761834473 119.01806339553677
80.321880089219 149.75807076078843
87.61537915057171 68.92873823453147
44.96448914317535 96.06606140221446
138.90050674786818 8.170614278473654
112.0012202614344 27.28988809824493
59.46659691672565 11.021842905489166
104.05812169309714 110.64425221203534
57.865017671020055 48.2130520044599
80.56643788785317 61.04004634743301
58.1276369947816 37.91574909340418
106.99510329779632 144.29311039393102
34.317657493430616 102.20728501461764
63.11153349077399 57.88778613580748
134.7473699066048 125.5120906160024
130.7176133250303 24.040420418236074
64.07891756232831 54.93896581758987
70.25339804257987 91.17740973997904
25.67491583311028 71.14100799305858
69.8921350015353 16.547317979861266
8.011342388590037 100.47888245211576
26.193123495141013 70.97806570040271
110.60513549106754 47.792357011277836
81.2534142636266 148.05755625218177
78.9425063392338 13.239926710819432
122.98271680321729 31.014559159741868
86.99144761585296 16.282127941345472
55.848212642063935 73.28744811029132
44.48572353321201 86.47079154166936
22.694684816275213 59.5931863696042
82.50355964203959 86.69648492280373
100.12102777388509 68.21403345788113
124.71572234686288 122.67928289323729
70.77363853521169 48.80463610428
70.48199022856197 50.45095142687689
84.39739607559873 144.86681540271618
48.85388458860517 127.65193664335607
110.56997338838984 23.634224991554444
50.8367704948032 120.57286571976762
78.20920771863834 107.94055430249131
24.594132701848526 143.2539247832628
10.580534095400656 0.10307251288637076
95.49296422594405 130.5685752872724
55.02148079104349 113.8781947046828
76.48430848140138 27.11486469672791
16.36918157911901 98.68738016447857
95.94250490630736 22.725083230384897
83.1440568026056 0.9194152739162798
88.58088937288477 85.21914626699088
94.52249874761533 127.70155877337882
6.590551295724312 43.801513492259645
131.26960939337326 65.65514810651504
55.694658771373504 67.07264860831145
17.96713597697343 71.55984687857918
146.4006970426756 100.65459143391722
102.38112147174874 0.6137747358115397
88.44790772162462 67.69865367753025
30.125272185078224 96.30946468407305
51.84719638100167 77.63979662161083
124.94436348579414 19.945128451368177
40.052484727036756 42.574962047393335
44.67585576419728 106.03563342612213
8.2452153830543 39.90760795233199
11.949639180876236 81.4831149008659
56.05283577386812 8.613370907761459
11.142472517366203 56.05068733181885
149.77904663959993 8.873727719040636
62.73733532657616 93.73223562591656
98.51006788912865 68.52265625772051
32.27554480568023 50.19414157161794
