5 5 100
25 25 1
65 25 1
85 25 1
95 25 1
15 35 1
65 35 1
75 35 1
45 45 1
55 45 1
35 55 1
65 55 1
75 55 1
85 55 1
85 65 1
25 75 1
45 15 1
85 75 1
95 75 1
25 85 1
45 85 1
55 85 1
15 95 1
45 95 1
75 95 1
95 95 1
59.56017353915437 3.6968297323466737
94.53624187089098 68.5614001481293
57.19939403493552 91.91653770409181
37.092025303868006 55.38976204062679
93.39757565823277 12.856215747471966
79.01227500950323 84.56218959979081
72.44820788209607 27.950209997438325
76.8878101318422 51.1784633640149
69.16894294414067 62.01888439841966
93.02963378721326 74.41287180580967
62.04606750622463 99.40323668153691
81.61095322991827 53.51085117328034
29.231201303797107 12.76378569407548
60.304408743167436 73.14859798593758
49.12892885441531 94.7419072627817
18.991055286315937 61.18515657172663
61.61543691470746 81.30823894383735
87.42660075876829 27.575805939698718
37.68022420553976 96.42941384335295
0.7031420101331176 17.70901265432807
11.735325292639809 34.35728008848825
83.6105249731844 37.15566836632125
13.661122775980594 97.84658839782824
81.51912185480742 46.86361780964816
59.318186621694046 60.13359956740576
46.47284637910448 38.450235978216426
20.83164795579927 6.732095299375718
20.485473886069418 16.197716643568995
47.08683987544811 44.52860777168348
77.31429295041981 65.0446427141145
46.39939110999103 81.99573709344875
14.808831195042526 22.774565840011263
48.34210812083543 91.66956580713205
82.71549573409264 42.578029961703876
41.31921658444697 95.38878661112538
67.09862402153372 57.57450183216254
48.23603801473707 73.49575500105352
50.97125691861288 91.61279340999431
60.191544860916856 13.951005410333394
86.72225687627662 47.03159402668179
76.55052837976318 77.39361322633425
70.8965162602726 88.75562484842654
88.56594329848363 36.58630646152305
98.48423105531147 62.739051157522816
41.899698825195465 22.060430388462304
34.7528311810431 99.91416218598602
27.221342520437986 35.11958898141382
16.140488730946124 32.73939372908233
74.55511513537319 30.135728926951476
67.22841504866321 59.66281931603967
77.15436923387139 65.11769482475358
21.542576594084505 88.6169578303911
26.165478605558302 65.98973316925786
27.502721053774838 15.718067606036302
50.20234889229 31.5737810883416
12.463568463409903 42.641627537212244
24.151594664869968 99.52793206289479
67.97268993078904 22.958302955732357
0.18474233032245158 33.50922948565953
65.48810691564908 81.53615272069129
62.424937610586184 93.32443583162377
51.946591723403614 76.01285468442998
74.48951324572619 54.42635731717485
3.4342210464022527 51.544237396466194
87.93631445222425 20.749548314174483
18.617373364912957 12.292269348848961
38.639319492858206 5.320816071388967
53.185717130269495 0.6359229641055952
80.76026232409727 17.261973168634505
32.46694900327615 33.860734818775626
2.279257925539635 28.01196303505612
62.84414436741157 81.30179460127417
65.80056666011247 85.09517975871368
85.73343697638995 91.18858378330643
84.65057083498813 45.35817414590986
49.73455902223488 30.91130287517475
65.77103055486482 88.01217140399868
16.860204545656543 69.03817920532765
49.082751888293416 37.45539335849698
99.45867278211672 23.197962642983082
27.24252519423476 56.87021954222074
71.45565694422294 99.08523795737271
40.74451119385579 50.00386940045283
92.62246688373588 16.445058338479658
48.24586617197907 36.24850405882915
98.45387011853933 92.72710061195981
77.71647693968343 24.440010388455992
51.27684465769596 90.10308357995036
85.64736811972338 30.14143527404013
78.98209444682162 31.664225949888703
75.99819278722275 91.53735567248067
31.26655167456337 36.52325891944142
96.28421360799285 13.953893069626
80.30904756276459 27.138690133818123
43.52599289907331 22.766579944986297
64.7183313936349 8.898558916912613
71.22054658237779 65.60279280871137
80.6006224840126 26.631309964794557
76.18308078990928 53.5470009603784
17.287732326919738 36.86328575547687
