10 10 200
7 7 1
22 7 1
37 7 1
52 7 1
67 7 1
82 7 1
97 7 1
112 7 1
127 7 1
142 7 1
7 22 1
22 22 1
37 22 1
52 22 1
67 22 1
82 22 1
97 22 1
112 22 1
127 22 1
142 22 1
7 37 1
22 37 1
37 37 1
52 37 1
67 37 1
82 37 1
97 37 1
112 37 1
127 37 1
142 37 1
7 52 1
22 52 1
37 52 1
52 52 1
67 52 1
82 52 1
97 52 1
112 52 1
127 52 1
142 52 1
7 67 1
22 67 1
37 67 1
52 67 1
67 67 1
82 67 1
97 67 1
112 67 1
127 67 1
142 67 1
7 82 1
22 82 1
37 82 1
52 82 1
67 82 1
82 82 1
97 82 1
112 82 1
127 82 1
142 82 1
7 97 1
22 97 1
37 97 1
52 97 1
67 97 1
82 97 1
97 97 1
112 97 1
127 97 1
142 97 1
7 112 1
22 112 1
37 112 1
52 112 1
67 112 1
82 112 1
97 112 1
112 112 1
127 112 1
142 112 1
7 127 1
22 127 1
37 127 1
52 127 1
67 127 1
82 127 1
97 127 1
112 127 1
127 127 1
142 127 1
7 142 1
22 142 1
37 142 1
52 142 1
67 142 1
82 142 1
97 142 1
112 142 1
127 142 1
142 142 1
21.70780146756407 11.653756165687584
16.032328629581976 85.71352359139794
142.2533407957977 100.50206555197735
10.511386942110335 38.38714465027599
12.115475505283246 55.75610849412077
21.848459095744982 9.748677954006563
75.96273152029062 22.9132629495429
35.65024627993383 94.81217704347846
72.78044476154567 102.49243123027186
130.22377522067814 76.11925127121947
43.234479478649945 141.8332198559149
59.54807807974118 32.112126847217255
113.34417351430417 32.314828271539085
0.2893665202430673 7.426801376923425
122.12433415611424 121.2346278860388
109.96444032051494 44.115691724898795
90.37323564665095 94.78450635038044
24.379197400401964 145.5334067832285
38.76434573765606 79.1237380703798
125.43687139761214 120.90433582969737
64.22479858233235 15.713529698224772
87.74468146113021 145.07255868277022
75.79477728606402 40.17364895985058
33.64096223008971 88.43515902424178
125.19128836463067 21.44594590584777
137.47523597108852 61.35992989845347
3.199887682879093 81.03164180287422
62.15868948639443 33.914306880109166
88.52922105886448 0.5281669308608294
139.84858804837083 124.24274207286744
29.404135273094862 89.09110543035808
45.055340161141054 4.776119478743546
7.760509461282905 71.39018293530164
1.6871236665238987 133.64372003143907
121.04998518918131 97.6741864671653
122.41271289308006 19.34240593196033
82.42568386042386 117.29950539892813
116.1053039081354 43.526988564114674
120.99592114230035 124.77710001521194
131.9323402900605 34.45319250100721
58.31422692770949 76.40127583157523
145.0742885040334 73.84696948203369
77.0982967188368 126.92128147837042
148.40044116870848 100.93530107618477
134.56770933375867 106.44495115057657
117.71253194489918 125.2083234774875
19.826853095855114 129.38095795687326
64.2694474022634 101.43287711394109
139.00749162179596 100.10427161275591
126.8735960577655 25.878767762543525
148.27410456243354 115.51847523473211
83.27381135026052 49.98283750468709
15.994325971430595 72.31772174716508
124.37428157356537 125.04239036489236
2.1107645780953863 42.51226679065914
22.21031135428341 6.820912417133829
68.5649459551512 86.16997837855885
138.13219043336 39.53555961107119
94.10243149059745 63.80459853976879
126.11318714146861 50.03713468343187
2.0970312496715824 11.180777857571872
71.27145377336255 72.11124681093827
52.56884272238923 80.74726716730301
145.65472662515091 42.885562983494246
118.6643719632958 40.799831368594496
128.75286271860557 114.05014442893945
83.44311446228596 67.02098308008328
28.905597181859875 110.15886876891918
58.650199778351094 25.62624024879254
65.66862923881901 41.89076913489691
126.92201061586556 120.4147250125589
100.48246136015806 8.419307505446621
109.86935441825011 31.783361499895236
12.58972057181812 10.246614479383737
38.220242396274756 21.110836983985376
33.33500105044564 72.83988863620654
88.74151465667255 106.65149692473632
96.60924671926843 6.711066776490737
62.76490869472744 62.566968860146574
72.23569799005237 2.6298637858803096
18.088665380911362 59.49813098474475
137.38238135059652 103.86610170109793
117.32389209126052 84.33326652987641
48.100172840151224 78.03724292886345
21.67680318992209 63.02469285996951
82.0558424769818 63.820660499858626
141.71068232733526 105.31857948202334
119.56840053242571 30.662593574367424
63.86660559891929 119.80710660014748
19.92036248286065 48.20618917424368
53.18800350906408 132.05926937683088
121.54738957730575 133.0620479691446
80.33284921974875 59.549330055036364
128.64215610307187 30.677737787630736
133.2118477991365 142.9209868314934
126.7671041503396 8.64897067077629
28.06085396084238 47.0754832752284
131.06144259634195 143.68020844485264
55.03221667670729 63.16411026724582
52.73281153166862 32.89728563825552
27.612547491930428 14.968725462579279
130.3702078034852 10.271346426875743
143.42379608240034 26.88283409586148
69.283324877617 98.91140321993633
99.42812699983128 12.898829614269264
41.66207926702305 146.56006860316506
58.02683437991221 55.44438699215352
67.56014054376584 29.04057905321756
149.62843002419322 83.14156868187396
78.62494679700626 54.71678791377568
70.85490588318467 103.20039958596419
61.26724995194079 0.2814969145095991
28.950365396394417 146.7982209261081
81.92804356527303 21.166791904299142
39.190900836712224 101.05046718973125
62.119784373186484 117.61114164488225
60.91826164589477 48.658891591650914
36.77718263657602 75.66049684729366
106.83706901764577 48.59866393418469
81.01109114279866 35.18706220253932
74.43586268736546 19.19301555639599
68.94180785158387 137.3808903856845
35.897339411036185 35.37417570168117
71.71639173480253 127.571029269784
80.40234410273776 41.61966041935674
41.792161230478605 149.67493890469348
16.228546472787087 55.7646108550135
128.31851411824732 61.082365618815004
15.005503126370796 27.012351028547364
19.695167003020142 89.03185507401892
30.610763730325775 33.99624502851664
39.28529714883513 26.893375966002903
4.884140943582777 87.0128272701871
133.0603607595629 113.88079590446277
9.874654699154812 18.153313177254315
100.48901840823993 34.505291383777006
14.018730386132965 85.3637510845764
147.86912240021576 117.95452976529026
100.82455904421079 81.17742815191342
119.1817850374922 53.05262205102189
94.9836997541299 14.130739021799933
148.69329091455282 131.56113352705904
53.65696002273169 113.7976664638997
37.2777621453329 111.07620899898616
45.56339809747265 145.9699639360593
84.98204192769033 3.3717029520981487
22.594803704077027 107.74105003747371
10.178476528779168 148.4864651728177
145.15904956893797 62.70067769716493
17.675150940055325 96.96190547331709
77.88511509204726 80.78580336878629
22.14281810311684 12.368078780714326
15.528499226090043 4.337034632349041
28.294548699633136 72.85807793177574
128.50278172108185 76.95181586423688
118.96698472771793 94.10258025336378
124.74834118824862 130.057550682196
90.69031657803251 3.354580239265492
115.92890792226589 18.253020389269146
84.02451974396075 0.1216394920835806
91.68691876871809 96.17587413140465
87.6276822539756 118.76082910028578
148.98699270329107 15.622130443065856
40.096375327438665 139.22795119007773
56.33479129715507 93.03554282835944
61.586395508294586 45.60556974246986
127.94420338577781 96.84982418996336
48.96096832038624 127.52327154200505
27.758426497047605 106.81009352491925
3.62273652975007 136.89514007592442
124.97659436624107 67.05163043528007
73.31957097331819 29.39842051932178
19.39778463341017 96.84982224176163
148.81774254649935 99.24528386656978
52.93412127340974 89.58295893170023
105.4133524840303 17.97564303792799
40.783698634119965 63.57499099449522
23.596934977042512 64.64967129801852
15.724416887017684 69.44909061267136
35.817008149316656 55.54759092718722
89.49925300345595 107.15638075275567
66.1526933764471 138.9431944120033
145.31357297461992 20.7867360205166
31.810068109691397 15.480291803248058
118.66066574393301 101.26871971903428
16.392274443863208 142.91799019606626
35.917910014703196 56.92807525298769
59.86261419026488 8.04139018077631
99.6336057049124 135.51818274141507
108.09128570511761 117.54460767959486
36.87801813022689 110.97200003114087
47.31910673513839 7.0906874610136175
142.3611880060049 61.511162809776025
27.916722473036327 10.780691294504852
11.495310594270903 110.62896596133973
2.2750295063832695 98.09406516049674
97.21214829895301 25.4454016347959
59.82179735031722 38.960944393531
124.13581856268242 53.90430977686298
133.53781787496538 53.116890576392585
