5 5 50
10 10 1
30 10 1
50 10 1
70 10 1
90 10 1
10 30 1
30 30 1
50 30 1
70 30 1
90 30 1
10 50 1
30 50 1
50 50 1
70 50 1
90 50 1
10 70 1
30 70 1
50 70 1
70 70 1
90 70 1
10 90 1
30 90 1
50 90 1
70 90 1
90 90 1
82.59375664529799 41.47181391004906
92.08601419060109 66.74405838429558
77.56144023762106 32.71896585559668
37.54280591820679 93.86582747151154
64.77828904975735 28.57001166380362
21.85119607333288 54.08434074242729
1.3558762979693384 19.794155175069015
41.50072021240349 35.68747922838191
14.738519288298434 38.037859818493594
31.46353476390861 22.983369547703003
44.99975296963973 86.91906485067126
40.02721827556649 78.55179371477024
12.792200148836486 91.63823360904728
55.7850244289543 36.73946637592902
30.41169351687598 40.20439850391423
23.50049452444165 9.661824784539352
0.007995973135288548 70.12548835598211
81.83168860428685 28.527229564996915
0.3749758279462667 82.74751374688438
99.31362957402904 53.904494198857186
25.388678234732108 76.74117911146013
34.949266778394176 26.21539149839929
57.07106185017404 81.03735228324211
31.34382342769473 26.811623783931783
44.637820671893294 52.80421833611575
96.36086594766685 34.60334473665837
47.52169216554516 87.88775004968446
87.26233063039113 13.391003829171765
54.782226681844726 28.795049598286028
3.7339511884642795 7.005152137178705
62.06105443633317 3.9142791418181333
6.372368322572541 62.52390691408133
26.944287661746525 44.85986118434047
58.801862370856405 38.849382047622015
1.3123244144442991 78.84843644467342
6.363267546561502 58.48066440034301
44.363984418695445 72.31372355183623
32.712966288569504 70.84745080708801
49.41823662805776 34.655777329900104
26.984536769913735 33.80140966635552
1.806084769628713 58.23571853888134
81.83879627951755 45.303604720983536
75.33691439810599 97.29308545311028
12.704939800208525 92.74614985421645
70.63539517175717 22.424077755813354
95.35983662333231 62.554934831956786
88.8322484897248 19.58917739222501
37.04737367067615 71.67371341162053
8.482629727274704 38.702130921954655
78.75284710710969 90.65522831002185
