5 5 100
5 5 1
15 5 1
45 5 1
55 5 1
85 5 1
35 25 1
55 25 1
75 25 1
85 25 1
25 35 1
55 35 1
75 35 1
95 35 1
15 45 1
25 45 1
35 45 1
65 45 1
75 45 1
15 65 1
55 65 1
95 65 1
35 85 1
45 85 1
55 85 1
65 85 1
45.99107849833961 44.589176104975756
75.07797083244175 46.67819254663682
19.05307976684647 66.73720598106294
86.21628002673532 10.275121516608788
11.002242422672193 11.225031051638013
69.56980331757158 52.17897827432931
41.56516878384363 34.16335471660189
32.97641952549244 96.68805990529368
8.977379431997567 1.252595236702858
45.404513678378166 5.9311496841400135
29.823048824582663 42.25054043824069
74.76043553142966 25.19620947875464
58.28466387761638 71.38126498785232
18.67882213255143 51.267945952313845
98.56662186477263 37.20020302748986
47.135096064477054 66.84943413693537
4.411780027734158 14.434455872276185
1.3084923261273418 83.65538286535433
65.90410494271381 27.618823455508956
44.40305201179267 0.8290736557521217
63.21026359786842 66.03190550974215
4.872180913152224 63.000144390159875
16.576121760195594 54.49828779672451
25.628144423263056 57.959339410954804
14.027097141682198 80.9975446695851
84.31130485979767 76.0453474614634
23.688447886451325 39.63617078580356
86.58681336207441 29.04969397863011
78.16540359081422 3.455655784870193
75.69436728192183 74.18032456827385
3.368765737240065 83.83160026494359
21.073372701505612 35.234589616825495
33.522737602676635 66.8025356191952
44.7021895014204 97.4570924589147
46.33203578774331 40.37947220584487
57.68486346508277 78.29173106167565
66.88513792487693 24.63828339528463
48.55683269090617 76.8475243389395
25.53818628823453 76.77117933004453
8.834233787826683 30.382743780224033
79.09410913776946 72.59356207029806
96.09931789513737 65.4641266879932
35.00802054425248 81.94962038478683
36.955274799743286 83.32569067430671
71.32082838460816 54.26935633453197
57.544304680678906 31.435035404988298
40.53521442938626 9.510195667981336
95.71940694007274 75.35326391094527
81.39001534814636 75.23656360562848
37.10670992284557 3.357588568781966
3.1134200004638513 65.01878505620611
38.48099355617586 10.724721156008055
59.01966209943005 46.73661988087068
47.78541515352972 1.7814471249199326
90.7982856423231 98.24549901828722
7.411634065936024 79.03337671427477
33.50166858524422 56.62069739933916
33.926690657989326 7.200124311651878
95.91452314452363 38.24939688007203
78.36086951100499 3.472420854386926
46.976295858797315 79.53856525676684
69.25566806153341 85.90434959357552
40.248503957246044 60.59844109071676
86.71132051976016 21.256038961484357
85.05953845313469 48.58997435664886
54.45728250287526 55.14779202388079
64.003999935739 39.675907325544976
56.47408234451324 99.34171414238686
45.66845724743287 32.88749201800901
34.79280182979569 22.40478457501457
40.91658353392975 60.36784712397103
10.248141324832405 22.080238147984677
33.12278107103596 46.1820854906295
88.36285469508039 61.56383891168778
2.4872602611253014 7.736127502686408
65.92257553661362 27.238763261361797
0.08177489662043458 44.44160817644403
15.692309554633443 22.566992447169564
39.87599641037984 27.957924805709954
91.33505069958045 49.1041280199227
71.60885863319126 43.277658405360896
81.92938231626663 53.454032132864036
57.39566807694905 56.94027348991929
49.497570005039194 64.48014782319383
40.43747570272587 4.84985663464651
37.57498132461843 15.679163431179555
90.80061909891936 31.896884936172544
10.661384014412445 51.57317757747004
87.63682417855325 45.35066641092605
91.52659128428968 12.03767608345413
4.358344571628625 1.6475563403939186
10.913148747975443 42.635461532898255
84.95990326661766 27.28962591651073
29.689476106440658 27.333526191733792
30.93009558355805 13.942262869119148
57.31222613893436 5.046080844125312
93.3625242863088 86.220643086491
2.789812864786567 23.01839607961923
83.97284694761308 9.344384835988206
55.46629577479455 37.48737370934625
