10 10 100
7 7 1
22 7 1
37 7 1
52 7 1
67 7 1
82 7 1
97 7 1
112 7 1
127 7 1
142 7 1
7 22 1
22 22 1
37 22 1
52 22 1
67 22 1
82 22 1
97 22 1
112 22 1
127 22 1
142 22 1
7 37 1
22 37 1
37 37 1
52 37 1
67 37 1
82 37 1
97 37 1
112 37 1
127 37 1
142 37 1
7 52 1
22 52 1
37 52 1
52 52 1
67 52 1
82 52 1
97 52 1
112 52 1
127 52 1
142 52 1
7 67 1
22 67 1
37 67 1
52 67 1
67 67 1
82 67 1
97 67 1
112 67 1
127 67 1
142 67 1
7 82 1
22 82 1
37 82 1
52 82 1
67 82 1
82 82 1
97 82 1
112 82 1
127 82 1
142 82 1
7 97 1
22 97 1
37 97 1
52 97 1
67 97 1
82 97 1
97 97 1
112 97 1
127 97 1
142 97 1
7 112 1
22 112 1
37 112 1
52 112 1
67 112 1
82 112 1
97 112 1
112 112 1
127 112 1
142 112 1
7 127 1
22 127 1
37 127 1
52 127 1
67 127 1
82 127 1
97 127 1
112 127 1
127 127 1
142 127 1
7 142 1
22 142 1
37 142 1
52 142 1
67 142 1
82 142 1
97 142 1
112 142 1
127 142 1
142 142 1
127.43518535883422 95.96983156154919
15.470000152894459 13.407891640575158
32.99397920740743 123.47342345336928
56.6787678902479 0.4597509022340185
96.64971834483083 66.7500468001084
34.47699362161589 10.78663917667717
105.96098258137832 79.31214096844819
139.4292780935958 30.716107232331353
54.53371179538088 124.59848821741465
108.98394437228785 33.93613850641658
37.41973843152325 107.87561703213608
62.58640900619822 0.0004645914688627961
69.37405281006328 138.75805570303964
74.68208210175266 59.99747099215325
56.37263903597457 12.07426937979575
130.60296900947716 20.862945138569838
63.31826326162001 69.97914958222009
40.87382792340576 7.054042817606892
7.191974728507705 132.24498870316606
140.84261056339164 81.47035979946057
147.43714034327135 130.34358959025846
102.60961793472875 29.50479163623917
33.627730696273545 4.9941984007779165
109.9888211187349 2.7977083883538976
138.3751458721349 99.73389938446482
128.15832506775553 68.87186378238142
128.10518833614907 67.29867561663087
47.17264508026935 132.6770591349274
4.756453550511614 118.16302795307368
82.54470977149374 132.10911994934128
130.0963150656797 12.369442996601448
57.994463733024084 72.03725357003715
90.15584704858935 13.565145400558631
130.00517192121666 9.256022518707935
4.287024965109721 135.54600647790912
78.98643149728817 134.69303232195693
51.75284932590858 147.02540693940458
140.49741744722763 19.191010756802605
49.44458387028167 11.09207331475664
83.19692584946678 13.855121260442427
112.0967972325673 37.59215345143486
134.84898190034315 62.79067324564453
39.8601852363095 32.599200425314194
130.69540638602604 65.42701037866175
111.24936848760544 62.04193703892435
114.25422042460428 23.00185702484866
108.3817809820202 18.58235221530767
148.84785280223284 15.157186382296024
96.5745875642329 8.205867401802031
5.79564526490447 125.92794910839109
144.99739786900886 4.657356728535245
50.81748721040682 54.72221847454164
8.204442252479627 60.596088590754725
55.452133171699685 60.45902161195737
104.8796572943339 63.81583292125075
5.478336993204924 96.9738319513104
32.23447007314378 70.40523737840421
103.06624382051494 4.702084937561279
141.37424295248056 143.7795802807232
73.07287829656511 18.91735557910792
67.87387656083476 116.59806118555187
104.81315245692593 134.78487294937568
115.51433905308144 118.03381358071587
107.88059114913779 46.886753992087286
35.141044374321 121.67935371203939
87.62832047393603 49.454430729099826
129.46321754555578 6.355146710800241
131.67937909322373 23.368256107768705
81.65878200544819 82.64275040119749
94.33463557141347 2.0859097177534816
94.6468830997913 10.941607358581546
23.004846439540284 43.88537389168156
138.77367643157277 28.57806761598733
109.33780053740062 128.29051875946206
126.95072707755716 88.3839526028204
73.66841883690132 57.158586663179406
49.00603813934655 81.52779154630626
134.75743119878632 112.12291852182116
10.970359832801396 116.7998219435834
2.1099211131030526 128.2581168890295
19.52497946682459 5.702807783089869
99.44839464895607 24.58130831761715
79.34467135381666 60.97973889091541
13.935605154280118 22.588767792079278
120.94314709874592 139.44230049827746
144.28481054425728 144.8163519073376
139.03839212895403 7.480503301395503
61.09001206640532 148.39234864369215
129.82703505496295 140.7101980290099
49.602855169732706 17.80184273655272
24.481516512554833 42.023126687628874
14.320617479449528 71.81310156782915
34.65757128437493 57.65746893177189
54.03061986916216 146.7169562734708
143.28841816830246 111.11945128339146
100.61096703129218 30.595884611021614
125.90528674338286 85.74810484812642
23.263074491333075 129.2345315223255
89.09163832620169 59.13460959210795
27.826001106723936 106.76403337373318
