5 5 100
5 5 1
5 15 1
5 25 1
5 35 1
5 45 1
5 55 1
5 65 1
5 75 1
5 85 1
5 95 1
5 105 1
5 115 1
5 125 1
5 135 1
5 145 1
15 5 1
15 15 1
15 25 1
15 35 1
15 45 1
15 55 1
15 65 1
15 75 1
15 85 1
15 95 1
15 105 1
15 115 1
15 125 1
15 135 1
15 145 1
25 5 1
25 15 1
25 25 1
25 35 1
25 45 1
25 55 1
25 65 1
25 75 1
25 85 1
25 95 1
25 105 1
25 115 1
25 125 1
25 135 1
25 145 1
35 5 1
35 15 1
35 25 1
35 35 1
35 45 1
35 55 1
35 65 1
35 75 1
35 85 1
35 95 1
35 105 1
35 115 1
35 125 1
35 135 1
35 145 1
45 5 1
45 15 1
45 25 1
45 35 1
45 45 1
45 55 1
45 65 1
45 75 1
45 85 1
45 95 1
45 105 1
45 115 1
45 125 1
45 135 1
45 145 1
37.96669168280138 74.01925054108864
24.824093957212924 72.23479980015811
23.356918431742912 10.053574758672767
6.40350926202462 128.89401185450424
15.642202180798115 9.647994346112732
13.063697752995123 13.926670738510156
14.619016756234116 129.92757488022932
17.88005541953713 15.805744947960592
18.624400471998104 148.6157385679642
26.773151417732016 109.87804284655738
24.46575851675363 104.39600967482592
40.55993120299014 123.38710416133269
1.8084915106395594 13.489057630879042
0.40795196142003887 69.91364461520996
18.810568910541768 39.23886015924769
19.38914280906451 127.96932456998593
48.70943184927361 72.51671595994429
28.798417681848647 91.63375877190677
0.3987211055878903 28.483839484551606
17.163244561234347 141.33672209066748
1.6403184524633685 6.23451467369795
34.96983999361468 38.2685526482251
45.22546733127823 26.49313094506421
14.678382153249514 103.72201693403534
34.127579208071076 102.01318952797868
49.25973086649326 98.49814891760195
11.60536926580395 97.1426395439258
32.30824701376345 131.656162388006
2.0956664983577564 87.0310600475751
18.95421335208056 143.13072473973025
43.10341600974831 133.14550751932438
29.232898712375853 110.28876546224478
40.10341783735495 16.49222820012481
49.86615459746463 65.83889147263694
18.174878486108277 69.80806981526649
9.549379368330618 122.42847463919611
3.9310791469294006 29.27300842742122
46.21720804975091 0.11451663775627341
39.22696971816409 4.493908861993207
5.628487856484687 1.992854789794607
41.843988047596326 12.910763454126844
32.90778614728704 21.54300043644711
41.8068085104053 145.63437735885887
43.60142139308998 25.39097671501552
15.3688521757619 56.34637011527389
11.993335322401833 7.0935944143048495
49.82394599998164 15.447975445075224
14.333295298272736 44.77749407502575
11.198248608928058 69.09532583121667
28.835880470974097 15.715342810365845
11.113373609172944 75.95138754850873
1.7851343284175591 85.76723434097217
37.3129436912921 37.10662944106805
31.58495132377907 126.78607166711959
13.744335718190397 23.891063999328395
33.146847136242485 98.12828752916886
6.114792667860885 120.82107935933682
44.08145420448676 122.86127101084642
30.35867502757596 109.41932457204011
5.672525466219247 61.35833319035097
7.458630503515373 30.510355359197987
39.460383058489434 123.9751402417124
35.167714516934915 29.94148791068318
41.40442182156697 67.53781023860635
25.527024795251634 2.3748166776413946
18.147826517065717 99.20680607373036
18.18212967179958 62.19852589595298
10.116157091873434 62.067692508889486
28.779696403964067 103.71572619436508
9.386351902187846 133.35245215030918
29.312857521709628 56.1108915704966
38.13933748243915 40.072267317402094
8.628826055874296 26.208987632652924
40.499035780707466 92.74751166285404
20.529440336464873 111.26123536750877
43.93393860469727 1.7580915492545368
24.926084218796372 33.90853790970859
3.079527540482263 39.00535663279661
22.20495250872056 37.72582582998579
5.3883756455295195 6.625957704374774
28.4178055504968 65.22191016421135
25.01423620987219 86.19975621997837
41.242778812089355 33.06297308136742
1.2030775070411892 95.8568948004213
44.514130938643355 15.956745217867297
19.446435783952882 20.028346505646187
49.61297066031211 122.91786193961484
38.05488294940516 47.86816037752516
15.936082565435944 124.482592892527
36.99066975026738 23.446048299375054
26.46548719438172 116.69964502432553
10.188506345284948 61.99493162563739
40.641823733490774 54.66773807644098
35.14539705631516 54.04893852845768
31.817924793084213 62.561879403088795
4.118266161050088 49.205528537958244
26.619388058186043 107.4222984771303
16.15911030406157 74.44016266504971
3.3166444505705606 119.28059358035497
27.030003620562436 94.22653396174412
