5 5 100
5 5 1
25 5 1
35 5 1
65 5 1
85 5 1
5 25 1
35 25 1
45 25 1
55 25 1
65 25 1
85 25 1
35 35 1
45 35 1
65 35 1
85 35 1
35 65 1
75 65 1
55 85 1
85 65 1
35 45 1
45 65 1
85 85 1
25 95 1
45 95 1
65 95 1
38.57084538637638 43.47746708165854
83.16016974902483 18.63954055898922
49.92464113953552 8.85430413580085
79.95783906967078 68.12711325742389
37.50821811684616 48.955730476229476
78.64795301732461 72.28269137826723
29.229029179907396 62.635162764320654
55.14422513788718 8.111704130778586
48.254428574130024 60.95746464235234
54.61149095694877 82.7270263462651
58.18743892506141 9.066254703164168
91.55163671799454 52.468176829214244
28.78562897652951 71.48813216132433
79.3966619594036 26.016046207013275
16.05757974880434 19.551543244730507
68.76924892548935 26.174018660516772
58.07578499085517 17.148036998456128
34.355394514309346 7.238375856866497
96.31263553088849 14.746507871869142
24.09762416555704 30.84088223143018
44.1851614345145 43.99794276079515
73.15583201287936 50.90596762169027
41.87020196777213 89.97585152280372
96.74661839343227 52.23365410524546
51.2453247860153 70.10651743540389
12.337793465672608 50.003651601019314
21.19387810922049 40.78783663783374
91.46877200959243 28.434341985764178
13.891963091776061 52.56899760674768
92.77334293789485 87.32398685762077
67.34489760207813 65.30087592122837
84.4708735421268 86.2305768878711
22.398488944806573 96.65822314364385
52.70660880147583 93.94992393591772
44.018251660878526 41.96250258954646
65.53515894406034 8.727140759961916
41.8805601407438 54.46555631978379
0.19230703390115123 52.57011197419338
96.00424725890285 40.613079876337025
33.95827363082057 31.031832921794656
13.352067899305665 14.247477380073892
50.87078321612088 16.975132744607123
23.3827982389772 36.53746203986814
98.61706090153078 94.20881226602992
81.90346294589122 0.1481691034438959
60.176492474204125 30.591987708927427
78.16241162714527 60.90328507893008
93.37164695510968 17.593834498467743
5.752318185226601 31.298639189325762
76.06669709784583 6.278315679836988
56.32960408158609 27.225570483456497
19.668211562256154 68.04746546323278
34.396853275614106 49.179534652696475
44.55136066230166 14.495671270206302
69.11086004560758 30.264918387634022
87.22026869404263 0.009977465378008255
34.18279297482524 14.440596296417063
87.87314079642711 49.41986347713446
15.229260085306063 0.8389046018194013
61.19654468605709 72.44184912878616
42.581390547457886 78.7554837631153
18.884395783253638 89.35425854051492
54.68468008890562 64.94522496707746
66.45407701885763 75.8652766024196
23.83437548890145 62.24074188964086
91.29468253826906 3.12753508628163
37.593529360385936 1.1753591218146453
34.74253162542268 19.157636001805734
28.63002221535225 80.41255388837268
24.989001267917622 13.96632465682992
91.13332298655574 42.56003110404559
52.27446351960734 46.38658530151658
74.14690301079517 87.74954039045952
64.20185041003343 4.230856024532292
36.748713491659345 83.51499711561974
32.8126947310187 22.75358232453183
4.500504181926679 70.32462377075912
49.54864092766217 68.95771607026286
65.09761868754201 16.16892308361382
3.33573866878335 24.614050938157384
90.58727863718292 68.21496530316836
26.30856640167454 78.04885483708863
76.7185257090664 65.68273696315529
71.96558494916884 29.568191598500704
9.285290992602924 79.550089608904
54.69736825289895 43.70332506260431
98.18311074562719 37.599606533946286
84.97550039478055 23.924199159506866
16.46775152535961 59.66710759656966
64.72074712314479 13.661547444098376
94.03897200386723 25.027020930065813
16.15326493339696 55.67232191626302
69.71099540213582 47.04299546118014
71.28311601758338 95.19052478562827
96.13485231140562 0.22940834998111947
87.7358619251479 94.40986074022726
77.0944541267308 71.22033711478176
76.23829061232851 5.423832395230244
52.74414714991905 98.56173919017766
74.3902010761042 76.60606307798741
