10 10 100
7 7 1
22 7 1
37 7 1
52 7 1
67 7 1
82 7 1
97 7 1
112 7 1
127 7 1
142 7 1
7 22 1
22 22 1
37 22 1
52 22 1
67 22 1
82 22 1
97 22 1
112 22 1
127 22 1
142 22 1
7 37 1
22 37 1
37 37 1
52 37 1
67 37 1
82 37 1
97 37 1
112 37 1
127 37 1
142 37 1
7 52 1
22 52 1
37 52 1
52 52 1
67 52 1
82 52 1
97 52 1
112 52 1
127 52 1
142 52 1
7 67 1
22 67 1
37 67 1
52 67 1
67 67 1
82 67 1
97 67 1
112 67 1
127 67 1
142 67 1
7 82 1
22 82 1
37 82 1
52 82 1
67 82 1
82 82 1
97 82 1
112 82 1
127 82 1
142 82 1
7 97 1
22 97 1
37 97 1
52 97 1
67 97 1
82 97 1
97 97 1
112 97 1
127 97 1
142 97 1
7 112 1
22 112 1
37 112 1
52 112 1
67 112 1
82 112 1
97 112 1
112 112 1
127 112 1
142 112 1
7 127 1
22 127 1
37 127 1
52 127 1
67 127 1
82 127 1
97 127 1
112 127 1
127 127 1
142 127 1
7 142 1
22 142 1
37 142 1
52 142 1
67 142 1
82 142 1
97 142 1
112 142 1
127 142 1
142 142 1
13.095223029872493 87.57121288034283
59.66272386802163 137.19912861635854
92.17217802897375 78.37868389930064
140.72538651209874 42.852036488752894
127.28900943375803 63.32023262044871
101.4036205335038 145.29867530478893
121.01364864516178 90.70587206471934
120.83482049082394 3.6596601500891
64.29074403439553 128.93648619281547
112.95051091098792 67.66758217098466
34.40052324828303 52.06776021041404
64.46166871350057 17.31788626360544
140.53474504790375 97.19083096156
79.46194911951933 27.30978129663161
48.367746672267714 61.87868716811368
21.82079950301682 50.16516349555035
54.922190724715016 110.47774024629521
136.07450456694806 1.328704387493107
20.502209886881197 128.2697627108166
1.4954630602423358 38.725755469142406
84.51874522192406 79.88356741240193
32.57743566500987 113.01424182546637
106.87580241245969 0.8190261641942143
106.7995636887097 56.51164300542717
73.88295933125833 86.54040166283993
97.66055247656735 120.34149283148793
27.120529751003293 28.60624594842596
30.79985376452799 27.32582131535528
118.3622705181569 128.91178514474421
54.42680125193318 103.11367816804405
118.75461089070252 129.24625837462887
115.51612807204363 87.3007216891556
119.83229933663432 48.75484212212817
89.15334182792714 40.65467863102314
60.69966512718323 56.909438283455735
74.60109491871614 0.2400894044424895
65.59268466246719 74.58572340427878
136.39770692907587 106.39269556269934
22.63848072091693 58.907835991299926
113.39880166824145 12.52095248524841
129.6182053990817 7.054225439400397
101.09990707190056 84.79409046931303
143.7041988322814 55.43519795554322
46.342194680529616 26.954260093030484
41.63138547130799 47.565387431033976
86.8297159841944 41.77903111281623
26.96729475163306 130.00391794235438
10.294779841897034 143.3887110033127
38.76026430611684 114.75351680722315
110.18483047997653 143.24444791885037
115.56760973262104 1.339548108826838
114.0195752618985 145.3976956773242
118.21967459656997 77.9004237816902
7.119374046603266 3.3031258607284286
36.91648531132864 108.28834888009634
23.269006564526634 84.12214885596423
112.71736720487982 85.0930656180537
109.40403821136256 120.09578203084618
108.58791670711113 0.987805021220739
99.2188292235893 86.17897377281518
123.12275860409385 38.71503404985605
21.461922534582552 7.658404947321317
67.53570012330927 24.375419529672165
115.75761267665347 87.49551343671426
56.40684352419345 51.015917858330404
13.520799204051547 19.768638454478026
133.57519227781378 25.483396771066978
80.41000631130363 85.8297115807311
112.7056949153687 24.72108634088211
59.14298195958146 20.180589390034804
17.305507434474016 56.179658363745524
79.56983847542878 48.34509737775255
58.45654526872935 83.68300600571712
4.4269386577281296 127.91689699306922
2.7294327432504426 60.42288086653217
107.16635548102124 1.1427766725644328
22.191036946288357 3.1594513981423766
20.656974109012083 87.43075365417097
111.62131429254924 144.91432358850616
79.70319455455791 131.951335989182
62.46274786447641 79.16154995466556
143.6484955731111 3.9756952436358906
136.61379059247926 45.14042948969723
65.97491695436837 140.4811102297512
65.53956736048897 138.13485826143878
100.7405036555262 22.11887400770599
146.45848662435034 4.543189974977752
103.4483600099477 48.037601544758424
144.49765986424214 36.523235563859245
27.49553136408995 38.000588113847016
106.82854512199958 59.74323870228136
91.3363863273924 136.80878027177673
107.13061953740163 123.7798720411955
41.05588041417687 12.752993245507865
76.51603157069547 26.80034692467943
113.89153803857238 82.45661869495393
89.50992826819905 31.931718964492262
59.6631088544863 124.29251139287756
95.59758843100575 49.4021760607898
82.64369550748977 77.84899940994679
