5 5 100
5 5 1
5 15 1
5 25 1
5 35 1
5 45 1
5 55 1
5 65 1
5 75 1
5 85 1
5 95 1
5 105 1
5 115 1
5 125 1
5 135 1
5 145 1
15 5 1
15 15 1
15 25 1
15 35 1
15 45 1
15 55 1
15 65 1
15 75 1
15 85 1
15 95 1
15 105 1
15 115 1
15 125 1
15 135 1
15 145 1
25 5 1
25 15 1
25 25 1
25 35 1
25 45 1
25 55 1
25 65 1
25 75 1
25 85 1
25 95 1
25 105 1
25 115 1
25 125 1
25 135 1
25 145 1
35 5 1
35 15 1
35 25 1
35 35 1
35 45 1
35 55 1
35 65 1
35 75 1
35 85 1
35 95 1
35 105 1
35 115 1
35 125 1
35 135 1
35 145 1
45 5 1
45 15 1
45 25 1
45 35 1
45 45 1
45 55 1
45 65 1
45 75 1
45 85 1
45 95 1
45 105 1
45 115 1
45 125 1
45 135 1
45 145 1
4.738416932555722 1.8122595726925206
0.7518673977591539 27.466189793878826
39.16022017913858 18.11936422350219
39.89389731403808 70.37748563997629
11.067607307988597 126.07766296467652
47.43413275105057 133.90966437034294
7.905523589987107 21.26551708297093
21.157689664030173 130.8468973192096
10.46839894784734 127.60622577520812
18.770176262581383 100.36103457029905
4.771774593963252 93.23296539743956
22.66664922522892 28.638948279066383
30.268319327063548 21.229413304635454
8.51328429128621 41.18524537830602
39.90392834968386 104.27863337744282
4.092234960779723 3.1441484007487865
24.619234193051255 70.19940355145353
12.473064636176012 128.87547127403883
0.2862544291173885 102.75889774161548
18.744980934988888 112.82706354446323
4.583290956581049 133.75456659487114
29.746075012859606 3.4491023782218635
17.004954746388467 133.10549366287864
1.9066637313818968 88.7970217354543
31.845669248778734 125.81500406404439
6.743316891922069 54.64995869091887
20.678740079473183 107.01302958254156
35.196350433680266 83.95777495645505
28.103962229144884 101.56572669007679
9.998326510204103 31.447367014153098
34.97698500302983 17.69793690843338
19.18408150177476 33.06240657854019
47.90357842434358 64.48448189854759
48.418430712928746 36.26150257053602
24.22045764048789 49.64572482232619
21.136008222337033 56.12760509381716
28.963007486393245 82.38171604460621
38.737462649465044 0.9488861143293614
5.88385540977186 139.58201311892682
19.734323828921557 27.153724087226554
34.32045800008515 56.31131459608938
16.942669924001635 72.93951422530674
47.359045527530846 44.18417596584195
39.32970871813186 57.658071819479
37.7981782004411 38.7273811014415
14.479827959007302 70.11644051387513
17.604249899082536 144.45799072849945
35.681632109100455 9.107476526773167
5.026453117588198 149.9067192376713
6.891241140097898 27.317773647756844
17.813433074203864 54.01804520255948
8.410842583147899 91.76198889695472
16.776934718412743 109.44810083455818
1.4269872764836988 42.67806166083705
4.68470721391912 71.53219374100047
34.85964001872681 115.44474842177448
37.53889687750162 134.19937812645605
22.211657105223985 138.588951344466
34.62600383711591 109.82135863188057
19.64425224097412 31.523296481032986
8.846764521551421 3.207550908954099
39.71352611615255 59.58117910006485
8.16924635609847 125.39049508719754
32.857418176789366 13.150163617944944
20.888921349443816 12.41059912273419
20.907139897273748 94.97519602923326
3.1479640033548586 34.28921427639234
23.514086346055286 139.9635362563697
47.25187206211422 89.13126884789686
43.06234598169103 22.488252284634342
21.026436744739662 110.6152809119254
13.617855984289855 45.62446700522444
17.018035479786946 143.25298246477024
20.63709598339377 97.74640889472865
24.908092523030927 92.20713829589077
28.275457503306978 8.18134483047936
46.75038161151305 67.87928324444736
42.23901913560131 70.25759282639393
2.361427947365496 144.74787865335492
47.238701898973574 91.22332796820956
15.395165486929962 132.65168926417638
12.855408786706468 146.52428797181312
14.806590507756972 149.12696252631227
1.2812104762169152 135.16066739521207
47.389406104694025 27.54157691393856
9.354750588554406 133.9516800614977
43.9553078880496 108.14334444283925
18.459668611781176 123.57651719135073
36.85997130027777 21.072891252505155
37.35509997568014 38.669176532863005
17.653283787564817 17.22559049124695
20.649999030767564 108.49787154961597
17.028367212042504 139.37369663327377
18.336758563325304 19.61613191997214
45.64661613298993 49.480833103549344
8.178905609415727 107.73056555643907
32.83530986882178 119.5567023498787
22.030150909755008 92.41578698504163
48.59969242568394 101.22227085017512
39.42206834214422 115.8640735018043
