10 10 300
7 7 1
22 7 1
37 7 1
52 7 1
67 7 1
82 7 1
97 7 1
112 7 1
127 7 1
142 7 1
7 22 1
22 22 1
37 22 1
52 22 1
67 22 1
82 22 1
97 22 1
112 22 1
127 22 1
142 22 1
7 37 1
22 37 1
37 37 1
52 37 1
67 37 1
82 37 1
97 37 1
112 37 1
127 37 1
142 37 1
7 52 1
22 52 1
37 52 1
52 52 1
67 52 1
82 52 1
97 52 1
112 52 1
127 52 1
142 52 1
7 67 1
22 67 1
37 67 1
52 67 1
67 67 1
82 67 1
97 67 1
112 67 1
127 67 1
142 67 1
7 82 1
22 82 1
37 82 1
52 82 1
67 82 1
82 82 1
97 82 1
112 82 1
127 82 1
142 82 1
7 97 1
22 97 1
37 97 1
52 97 1
67 97 1
82 97 1
97 97 1
112 97 1
127 97 1
142 97 1
7 112 1
22 112 1
37 112 1
52 112 1
67 112 1
82 112 1
97 112 1
112 112 1
127 112 1
142 112 1
7 127 1
22 127 1
37 127 1
52 127 1
67 127 1
82 127 1
97 127 1
112 127 1
127 127 1
142 127 1
7 142 1
22 142 1
37 142 1
52 142 1
67 142 1
82 142 1
97 142 1
112 142 1
127 142 1
142 142 1
74.2139317364085 57.07208971362539
5.362821736082868 100.23574137437112
140.66772947788533 40.551580065801915
125.10685141605508 137.05591264031722
70.69459325196196 109.29989565897613
23.688703699577484 124.27152247596455
66.57663543723072 30.99111433246492
22.02462160020897 118.74035925198547
40.64344660333975 79.23697181076179
100.45876052256321 118.15574657729222
118.71206779121155 82.09631368728374
7.071558316219317 66.41032704237419
81.32150709949774 101.15120683709064
76.87090283151288 111.91677395546186
102.91538266442531 118.61637756246046
50.95582645731004 112.94110418403196
60.35806311203123 81.52314309200594
108.75276301405448 146.41374877000064
53.95701122873852 104.74268544467064
144.03521714202512 110.72630148069422
133.0887267655287 132.6203040352325
75.29350832485545 141.97875395791468
145.85492323092353 15.77465706901615
122.53046101742163 8.25329724123417
81.3283396963047 47.819956724856894
142.1421318848789 135.8084151339058
74.65851422082503 78.545703566074
48.61606640236958 90.80688248792731
32.48564214816513 55.6620415012259
123.44636730353383 23.038372279920022
109.51167904675646 33.8902952317987
35.16647531932793 135.34916787527814
111.541798454208 16.865549817409224
139.09846492129498 135.21329270189105
116.98792876677585 73.32398745906686
98.7215945725401 112.12920231980515
41.10506221160337 99.52291065717279
27.00226288203551 65.84941946143238
102.7386168246602 67.87822171866905
80.39321471910644 124.46022264658134
143.95514739224603 17.64248839393643
4.410963018106523 94.09238874649455
55.848026448456174 130.30340916662647
133.0561196086079 54.574121427642154
23.848044449467015 102.97736175201517
18.136952308630093 60.356347768626065
62.44608903599605 76.33751172206648
13.808210170004415 127.22757478175878
23.672053332675546 48.17048811891817
137.81782687126878 4.173799467655137
107.09308278768249 105.24698093757135
59.296663710387136 4.167609575015035
30.9958520509836 6.459806479959262
12.272485187195697 31.40686247387881
34.804117527025355 119.24420956492345
42.36902614407396 113.12695042061155
77.79877665790475 149.42370352843344
5.903798570836127 72.93487217485846
41.25765058790661 14.708090756734277
14.652112378864812 117.21347847885289
117.29663550110548 59.51768869780057
101.83462636593669 5.957106423829872
131.11317726778108 64.80119081765453
41.95678107453813 10.823818589353063
43.80225348039714 11.762728444286108
14.688009082508563 28.381006171804678
47.2827576479676 66.03412602448311
51.97309863757692 137.71914859531847
42.69932668560857 81.2298609981077
134.79903150198595 111.30344061722785
55.57221458563953 90.78810547140507
105.04564669582689 39.16361447349153
14.396853223374423 0.056198207546359624
6.461725853154593 86.55579894462119
39.4585146563396 118.05167158945048
52.952089286955875 95.31536516213482
55.27639448770175 99.9553854319987
23.669436264861005 141.92096312872644
45.87990981956969 86.40067260776092
32.907204912257065 38.11229450180392
84.30561555278733 124.0332551524486
39.315267641375016 118.46142057568557
49.8430761657085 71.23498239116124
99.63937840546367 130.31784649365557
68.04453275852339 98.4178088914801
69.53196542920749 122.73850163924182
103.0660013097361 95.73277080067807
98.36606744613877 37.732532517617976
95.01537184810066 116.8983360703742
10.293741766845283 7.5895549984587305
122.72383312561426 47.7537096083686
47.14041253238912 35.69579872839787
61.38272881406826 107.01712693258735
98.93236048805596 127.24485816680775
43.450420984710185 131.67811125300238
3.3373142719975544 38.13248674897534
113.28704891536404 96.03582003278484
129.013609060845 25.692650528218074
96.32658738708058 32.53565722759496
16.679334926061674 131.09064333619088
142.75696144730097 96.19649026365462
68.57313475381963 136.41176826527047
111.54225950913738 88.67460138848473
25.938956778469063 96.42240022714999
47.53683828897549 114.46567272203413
81.92622764190587 111.78427610078735
0.1486427463619877 135.86751623108916
98.94999884733375 66.53337902521645
76.3857253915335 120.48354140043749
113.60511470968581 62.22465659208638
9.239165139366207 1.0422057551330466
120.88326594229265 132.76940585718913
95.26601810756657 45.488115924255936
8.885061378630665 91.75264098323083
103.97132540326001 10.337386490087292
89.54574438102136 111.99047122899566
41.94583242855758 123.58035169806305
59.61386586287743 6.438954271557634
7.50281636813911 46.987082916182324
70.14203577855633 53.53211980376995
108.21259058298764 81.72115354893221
1.8231049308550573 126.20257515685572
65.24815453448308 70.942417903852
19.228883945084196 58.21624132695581
2.7060978970941063 95.85559896694947
74.5062728941365 122.50787708848065
42.71771315295111 55.201888098826416
45.58806180485631 142.42557515229407
67.25146211376794 44.57414600936528
106.94640619758344 120.03011079406554
93.56049142694177 113.67188064079204
126.1671010305883 8.959474409045203
142.3134899352152 16.6996727079864
76.90201278026855 95.07349895532901
103.89607109020524 94.29694976181929
118.93743008575461 108.825699722025
120.90743791468907 149.0511174191656
20.21651397670331 59.95184290848691
13.558293515103331 18.8875365411797
49.46697708025871 36.04098284121306
8.404850629531445 119.08182588899197
73.96943519041325 139.94693731939998
2.4046914344733885 5.2668856917086835
136.20395909205567 146.35737398364873
28.288634510987322 129.09768158534592
68.58906513155955 67.624147838131
126.93632843766787 27.13250275020384
36.53032437136609 65.20857740589176
124.09652078810477 70.27036673849803
7.8150762348577985 136.01430675331295
149.65081764350347 77.27625398016077
82.69372025759743 63.76535183434921
133.5850026433291 48.55507039917708
62.86512819514394 80.52936215689705
117.37669081874989 65.37149172149071
128.9896144266348 14.688631046110052
117.74997891748602 98.8153656219758
84.09293378037994 128.6796992734961
98.11513380703153 84.01362626898553
37.2490224165303 128.15465033923493
15.680440909920513 57.36021371504724
32.281896386521574 29.03599666460263
4.8411280361461415 75.12020594065957
83.46148761239058 54.14129419403119
120.1949915542354 70.05281447922003
140.75589905021718 14.861740701589499
83.32327181861702 28.28752916552013
19.864017461573674 91.78492824728352
18.72250405545569 108.17921045223383
51.42899725037759 134.01658220454777
124.13165443137855 119.31534674297455
56.976894253426835 50.80260353684623
123.06046312089471 92.48656681863075
105.67736732881941 108.10114611876016
60.85137837229431 129.81953025199118
55.646200459641776 130.1289763369864
47.06373548871781 47.95758672382021
69.80003376033623 64.35006095400217
131.40196652214175 134.15614090156316
26.21758690474701 48.28654119600536
90.26934999848594 148.74183333658877
27.16269051476587 146.88135208131862
68.44243050210467 14.888975278003901
107.35822272989094 52.232040289288925
79.33342746349703 47.75341726110632
86.03264512356395 42.791216365267694
139.4084913459817 40.09754372768605
58.54460130694814 39.91661855192042
65.65673083880216 107.01917710961025
141.32768634572253 15.731957237475026
68.30020941938945 122.36794959819024
87.37718493864814 45.627260991537185
143.5927225161266 98.24831620040925
54.617689956303586 81.37101489533997
81.69781270511557 54.11781413003585
149.4474149110214 113.07447555949122
125.8013853111825 130.19781972230854
65.54861836577123 47.18922122152567
139.52576147810893 73.64990341182042
95.11025564258858 21.677306736532582
36.4726319718425 33.214000520767264
131.51679965230224 70.37967710136039
13.801033322042827 96.1248750382874
61.778059227272465 27.723256135882618
45.120876574722054 15.428164117875276
93.16319107053253 17.4186423898466
82.8457944932515 85.87754506302159
109.95727651195148 76.83501357754535
106.5589031362962 126.1314245542969
102.92730996372194 2.0099579119139954
74.96883568948887 117.17141710498345
61.856936440684485 139.13571354581015
99.79472701603655 81.94375167278778
38.236390998320864 19.237355430812826
36.68417248425543 131.47120985068977
16.60610000436981 77.12180021893106
83.88887803372116 18.60846789432875
90.06245783196022 9.300571343099524
110.8096974692048 126.15233105007329
30.356486029262115 131.94761929465426
140.19242550033434 119.03640048590742
79.01110018115405 110.25101920574816
10.33742848505616 20.90837534539433
33.74449421445653 88.35038436612952
149.47396246549823 79.51598570999468
32.367403905316536 7.546842022312017
90.98055878344974 95.76418212918443
97.79251062946824 31.578119152312205
12.867527388455136 28.44988673639372
147.9752441961759 125.8693493688601
80.16037462063521 127.86941062709474
148.73264599780768 24.693165390306714
31.858583856596844 107.84718912539219
43.5325782159111 81.96470622636907
30.56889175542985 60.88801012434877
113.98185991362993 125.64509939938372
1.3390608095705248 77.6826483879714
115.90110915083801 79.56135539250525
23.842886320238456 76.5033882408229
7.379054671550417 61.69096024963712
140.69185324783965 136.88532618146203
61.165981018604526 22.19038824618299
21.9767275471834 66.76698985606923
128.69989479292292 38.31446776478033
42.98500643582956 26.399672520526252
122.60937563741554 42.879745093864756
78.04101505526866 136.58649130799574
6.527149222521533 82.6234096279133
63.54129903153542 78.8067482545991
30.104974336975243 124.19915681540056
92.3434547267662 101.39887984210257
74.55640350511652 124.56598948300379
104.56174505850372 77.05385318021946
2.877173872374894 127.66111154491749
56.951065992709474 100.8991202096633
133.82194111853872 102.6360909298688
91.6474313391979 56.816113177964276
9.88133076007658 68.21556690148515
7.955746104058675 125.2099745310612
96.98901970512279 134.60000409794296
79.91497734030675 85.26682905910293
148.09229332077993 86.3233219821187
117.17597782076844 84.73265231111588
43.1202523784552 134.48018174779506
43.40015464099416 4.115561904180431
122.31634759191441 80.16769793866543
6.056468587028002 123.58550452560559
72.37199388623846 6.138673202144407
33.54188575811909 114.67545914724268
136.81608622510194 116.5914979555174
74.09985579296041 133.04580979530445
34.951522651646336 48.95518874415629
30.077966865534133 101.90144039531206
130.0193019777395 63.81911317900736
6.112519868296684 101.416863113237
75.36521511359352 145.7764770214105
148.50119398808096 29.325440596651564
126.22167300717665 41.37906668753218
100.3592484348253 26.727884645074262
38.90989488687096 92.8058275676096
23.709768369866513 63.214986434864315
117.05419300314368 63.682534896504016
6.8529599662425555 79.20815150989662
132.00238768759658 64.1178724099371
53.28693688004253 137.46449734193038
78.081087171048 15.704029029382461
64.68495952340109 10.910800874675108
75.1095567010448 17.33147974103163
95.31771700229494 6.170140992781054
141.8254601514129 52.41157281902045
43.082204232471966 59.54115643499342
41.73624177458959 70.0769870682217
139.76294618066837 54.76803696316498
29.072003650858957 6.0458096879562495
78.38689997025861 105.08411832151228
47.026953032321465 71.31360932064443
12.744689142815119 2.48918816967566
60.445197025334465 58.35553690460992
86.36475469412159 79.37470324825097
9.346366568535053 131.2972191263109
