5 5 100
5 5 1
5 15 1
5 25 1
5 35 1
5 45 1
5 55 1
5 65 1
5 75 1
5 85 1
5 95 1
5 105 1
5 115 1
5 125 1
5 135 1
5 145 1
15 5 1
15 15 1
15 25 1
15 35 1
15 45 1
15 55 1
15 65 1
15 75 1
15 85 1
15 95 1
15 105 1
15 115 1
15 125 1
15 135 1
15 145 1
25 5 1
25 15 1
25 25 1
25 35 1
25 45 1
25 55 1
25 65 1
25 75 1
25 85 1
25 95 1
25 105 1
25 115 1
25 125 1
25 135 1
25 145 1
35 5 1
35 15 1
35 25 1
35 35 1
35 45 1
35 55 1
35 65 1
35 75 1
35 85 1
35 95 1
35 105 1
35 115 1
35 125 1
35 135 1
35 145 1
45 5 1
45 15 1
45 25 1
45 35 1
45 45 1
45 55 1
45 65 1
45 75 1
45 85 1
45 95 1
45 105 1
45 115 1
45 125 1
45 135 1
45 145 1
19.76604561758964 64.96941524083249
35.77486345458457 1.8073353415089255
34.87105251904533 28.51372947257294
34.76116156016419 115.29508362970573
2.500658748396373 134.16666647360503
43.1104408667476 9.513360422902679
31.12293138534849 148.77995172156102
48.58924334198952 48.49852654326037
10.463336498837123 13.625948977871866
49.1746395368673 137.27159973804316
9.204910048686221 85.17115999723885
20.961210712492793 138.90197981855047
11.414022967671766 143.46984565232228
8.910981514073669 27.315259025631583
6.620881089935116 101.58057030259366
2.2397025865645848 59.671592073048735
13.896825251082445 83.56750667156837
12.930918334514235 105.21901308611177
35.05883774680685 19.931959876043194
25.936227982595067 126.7831521246652
18.782175738065416 90.18271341029076
25.906576268730614 0.9091423869842963
15.247226016894455 24.40991369467301
38.51171879351751 69.32004625231471
37.06187470166716 115.37176356987915
18.718715430265025 38.5939486542961
27.14070612980237 78.08482658709306
42.030887387915435 138.93054064831506
41.63650499588656 32.48832427481507
9.937099058650311 65.58605678636262
13.672087395873135 139.88970673629294
24.367550108634518 0.33138331544760313
13.09227305470501 36.52441879382409
16.410192861203228 85.47450098219022
7.969925790294169 135.5454359720674
44.89280410437576 14.081563707743289
30.685065451816772 18.896930578939298
24.529490274840025 23.70434531776843
12.885216597362476 144.10393391255
22.10669881055521 52.37219549503335
8.60882308517409 66.38989476793266
30.579684693803426 105.76909720776018
37.74137586331297 77.14931441234756
0.4966257549152142 39.28335338099141
7.552114873066573 134.044882087361
6.075075517508361 10.076693259482216
12.330944062613124 93.46850556306292
4.989542792719864 76.26549668347947
27.033479344606455 26.94084772722796
33.8231873874535 134.50587873212598
41.29687832264899 62.20772086507359
46.043007095300545 100.11608757644339
38.78072011881053 49.078448783395025
18.771402959103394 140.79874120726728
32.389144524878674 42.855017495705425
10.92559803666644 81.12651111364093
0.6779381489846692 29.691232762603526
20.750360106201747 53.53121884257287
7.369259644149217 57.05678972774039
15.731767381954304 34.4750543215545
22.499876484819865 130.3785972760069
20.013609137783245 117.82769057215538
6.396100074418243 137.45735041357094
27.89251221447715 55.109199563893526
15.20584675843799 60.306597755871344
11.750247262220824 14.492737176809028
0.003997986567644274 105.18823253397316
40.91584430214343 42.79084434749537
0.18748791397313336 124.12127062032657
49.65681478701452 80.85674129828578
12.694339117366054 115.1117686671902
17.474633389197088 39.323087247598934
28.53553092508702 121.55602842486317
15.671911713847365 40.217435675897676
22.318910335946647 79.20632750417363
48.180432973833426 51.90501710498756
23.76084608277258 131.83162507452667
43.63116531519557 20.086505743757648
27.391113340922363 43.19257439742904
1.8669755942321398 10.507728205768057
31.030527218166586 5.8714187127272
3.1861841612862705 93.785860371122
13.472143830873263 67.2897917765107
29.400931185428202 58.27407307143302
0.6561622072221496 118.27265466701014
3.181633773280751 87.72099660051451
22.181992209347722 108.47058532775435
16.356483144284752 106.271176210632
24.70911831402888 51.983665994850156
13.492268384956867 50.70211449953328
0.9030423848143565 87.35357780832202
40.919398139758776 67.9554070814753
37.668457199052995 145.93962817966542
6.352469900104262 139.11922478132468
35.317697585878584 33.63611663372003
47.67991831166616 93.83240224793518
44.4161242448624 29.383766088337516
18.523686835338076 107.51057011743079
4.241314863637352 58.053196382931986
39.376423553554844 135.98284246503277
