20 20 500
3 3 1
10 3 1
17 3 1
24 3 1
31 3 1
38 3 1
45 3 1
52 3 1
59 3 1
66 3 1
73 3 1
80 3 1
87 3 1
94 3 1
101 3 1
108 3 1
115 3 1
122 3 1
129 3 1
136 3 1
3 10 1
10 10 1
17 10 1
24 10 1
31 10 1
38 10 1
45 10 1
52 10 1
59 10 1
66 10 1
73 10 1
80 10 1
87 10 1
94 10 1
101 10 1
108 10 1
115 10 1
122 10 1
129 10 1
136 10 1
3 17 1
10 17 1
17 17 1
24 17 1
31 17 1
38 17 1
45 17 1
52 17 1
59 17 1
66 17 1
73 17 1
80 17 1
87 17 1
94 17 1
101 17 1
108 17 1
115 17 1
122 17 1
129 17 1
136 17 1
3 24 1
10 24 1
17 24 1
24 24 1
31 24 1
38 24 1
45 24 1
52 24 1
59 24 1
66 24 1
73 24 1
80 24 1
87 24 1
94 24 1
101 24 1
108 24 1
115 24 1
122 24 1
129 24 1
136 24 1
3 31 1
10 31 1
17 31 1
24 31 1
31 31 1
38 31 1
45 31 1
52 31 1
59 31 1
66 31 1
73 31 1
80 31 1
87 31 1
94 31 1
101 31 1
108 31 1
115 31 1
122 31 1
129 31 1
136 31 1
3 38 1
10 38 1
17 38 1
24 38 1
31 38 1
38 38 1
45 38 1
52 38 1
59 38 1
66 38 1
73 38 1
80 38 1
87 38 1
94 38 1
101 38 1
108 38 1
115 38 1
122 38 1
129 38 1
136 38 1
3 45 1
10 45 1
17 45 1
24 45 1
31 45 1
38 45 1
45 45 1
52 45 1
59 45 1
66 45 1
73 45 1
80 45 1
87 45 1
94 45 1
101 45 1
108 45 1
115 45 1
122 45 1
129 45 1
136 45 1
3 52 1
10 52 1
17 52 1
24 52 1
31 52 1
38 52 1
45 52 1
52 52 1
59 52 1
66 52 1
73 52 1
80 52 1
87 52 1
94 52 1
101 52 1
108 52 1
115 52 1
122 52 1
129 52 1
136 52 1
3 59 1
10 59 1
17 59 1
24 59 1
31 59 1
38 59 1
45 59 1
52 59 1
59 59 1
66 59 1
73 59 1
80 59 1
87 59 1
94 59 1
101 59 1
108 59 1
115 59 1
122 59 1
129 59 1
136 59 1
3 66 1
10 66 1
17 66 1
24 66 1
31 66 1
38 66 1
45 66 1
52 66 1
59 66 1
66 66 1
73 66 1
80 66 1
87 66 1
94 66 1
101 66 1
108 66 1
115 66 1
122 66 1
129 66 1
136 66 1
3 73 1
10 73 1
17 73 1
24 73 1
31 73 1
38 73 1
45 73 1
52 73 1
59 73 1
66 73 1
73 73 1
80 73 1
87 73 1
94 73 1
101 73 1
108 73 1
115 73 1
122 73 1
129 73 1
136 73 1
3 80 1
10 80 1
17 80 1
24 80 1
31 80 1
38 80 1
45 80 1
52 80 1
59 80 1
66 80 1
73 80 1
80 80 1
87 80 1
94 80 1
101 80 1
108 80 1
115 80 1
122 80 1
129 80 1
136 80 1
3 87 1
10 87 1
17 87 1
24 87 1
31 87 1
38 87 1
45 87 1
52 87 1
59 87 1
66 87 1
73 87 1
80 87 1
87 87 1
94 87 1
101 87 1
108 87 1
115 87 1
122 87 1
129 87 1
136 87 1
3 94 1
10 94 1
17 94 1
24 94 1
31 94 1
38 94 1
45 94 1
52 94 1
59 94 1
66 94 1
73 94 1
80 94 1
87 94 1
94 94 1
101 94 1
108 94 1
115 94 1
122 94 1
129 94 1
136 94 1
3 101 1
10 101 1
17 101 1
24 101 1
31 101 1
38 101 1
45 101 1
52 101 1
59 101 1
66 101 1
73 101 1
80 101 1
87 101 1
94 101 1
101 101 1
108 101 1
115 101 1
122 101 1
129 101 1
136 101 1
3 108 1
10 108 1
17 108 1
24 108 1
31 108 1
38 108 1
45 108 1
52 108 1
59 108 1
66 108 1
73 108 1
80 108 1
87 108 1
94 108 1
101 108 1
108 108 1
115 108 1
122 108 1
129 108 1
136 108 1
3 115 1
10 115 1
17 115 1
24 115 1
31 115 1
38 115 1
45 115 1
52 115 1
59 115 1
66 115 1
73 115 1
80 115 1
87 115 1
94 115 1
101 115 1
108 115 1
115 115 1
122 115 1
129 115 1
136 115 1
3 122 1
10 122 1
17 122 1
24 122 1
31 122 1
38 122 1
45 122 1
52 122 1
59 122 1
66 122 1
73 122 1
80 122 1
87 122 1
94 122 1
101 122 1
108 122 1
115 122 1
122 122 1
129 122 1
136 122 1
3 129 1
10 129 1
17 129 1
24 129 1
31 129 1
38 129 1
45 129 1
52 129 1
59 129 1
66 129 1
73 129 1
80 129 1
87 129 1
94 129 1
101 129 1
108 129 1
115 129 1
122 129 1
129 129 1
136 129 1
3 136 1
10 136 1
17 136 1
24 136 1
31 136 1
38 136 1
45 136 1
52 136 1
59 136 1
66 136 1
73 136 1
80 136 1
87 136 1
94 136 1
101 136 1
108 136 1
115 136 1
122 136 1
129 136 1
136 136 1
38.12452172830372 90.55321812719825
98.0412690633084 108.65412423827233
48.650943691521434 60.30970655729645
100.83929820195216 103.95524655040725
95.8136286360581 97.63244853200777
4.224570313664955 145.07317529850752
33.16018548434403 2.019229910195719
84.27503491720336 65.1870128866534
70.92303966429532 131.46056035786697
45.427223530518404 118.93114462738232
96.71502689651068 19.044923319053208
29.63771703545882 45.87157626861579
29.90454731828494 33.08402360288826
101.72308802825744 129.86059485171273
61.718393181574186 77.55424257927065
123.6877851069662 80.50591639758979
46.877808855788395 112.1886882650131
24.10449273179655 30.169624016437158
3.089523619341672 59.141859517007056
25.208583969427405 63.433313444156795
73.40418165876503 56.243600996762524
1.5799145900607547 0.2581908786929932
103.08284201176507 33.30295034515528
74.85757521957935 75.3893341921537
108.42809567200462 14.75951620298056
83.85534230597102 120.91311030603157
100.11216631940557 127.84977524447184
86.54043890217753 50.98907018437344
100.74369066259979 136.33617953353425
123.63861545664408 45.27024351756006
14.951179422003314 106.98581673646703
78.64390317841783 90.4305852669133
72.10813097660586 81.47594080811945
28.577132918149132 43.61503212775785
99.77685124865229 107.53079484837832
42.85798576384124 144.67502596177124
41.1425838882874 98.62786874479977
46.28561783794272 100.53605604313768
29.086286776323288 10.736027573863465
15.762662577645942 122.49034148631699
145.44772863310808 81.67811442377307
89.04066247881168 25.50224718719663
18.006458297265826 126.9754758440917
49.27780105728207 82.86909569335873
52.37707201991134 37.93109063970125
131.26218180329883 143.32046209120756
32.01840448531623 52.837539649753154
4.331641050735858 76.5645811769287
73.64793176394917 10.808679982360447
82.7432484947902 3.6084185053879003
116.79802341989179 92.14775454396843
96.72448741262764 42.6916767230431
122.37331403755692 63.176109643787825
148.31792935036339 121.47188409883444
85.76935249525661 149.01867776054166
80.89825985231164 110.50259256536002
113.56424093363994 79.83033341650153
71.29053777376915 98.39383636190699
32.548128210048326 90.10796129113973
39.585660437640215 23.342791621956227
70.64054344016414 69.70993614346474
83.41193142625983 5.4217924849777
6.530965553129114 21.867600420958787
55.40931543909593 130.00144192703434
4.494598720746712 70.02264013237377
32.836387592399745 96.00525890760183
47.747624250125895 84.93779732184365
96.19440628462446 76.00062605313491
89.79432205778991 117.12255963353239
97.12421978100362 45.40984997992324
104.5108852712166 26.582794453212234
34.11812000831703 127.50834181935629
99.73059794095553 136.2680097441295
72.03280523190455 23.18901188730133
134.87113923168602 34.17594879781403
127.52321700779041 10.260771332160562
93.41637113864343 17.72961307724814
46.705471381600475 29.69866650405709
92.5980651150861 122.87206208864048
117.96096552469842 144.65780093701642
16.442853876040807 86.21156575698731
140.27042251204912 149.30475290049128
46.17287405994809 69.87214237880035
45.048848842916726 11.221219147857198
8.077857583269221 1.7896069487884414
122.42080340749085 95.2297034530629
73.15618569170073 3.59800974275879
26.11526717441966 120.85549293601073
119.18840144308164 34.87517668586476
91.74632595733758 139.81651597126458
26.426917799241767 110.28713693176952
17.791237880376308 16.91844054224382
76.89845564318567 138.00879741007353
1.3650864706270749 63.909034762567174
101.78976150577512 63.02370796028342
109.31511938765922 54.159565674044444
108.04404267129374 123.70723232279452
139.78773902755913 18.920849557060283
8.147922487297382 96.85565654437984
63.850699964360366 92.69394694998624
146.68761541958315 32.39915099066554
56.18948380666025 65.59172195996378
30.429656624752475 81.30012127892078
137.6219563253487 109.03172435705908
115.49338355777942 21.940156036293917
26.82290032189644 48.53884739775392
61.10279841087992 61.32942519234052
54.329967153052515 55.98414552570009
76.33289170752374 144.63575135021438
15.520636721236292 50.4901378187671
78.04059561017839 37.814019368463875
88.78664983497883 28.435018060689877
47.32085681263033 65.73163871335798
109.80877508271892 94.54464749093975
50.033292755237454 126.94405281240422
60.98667947250549 60.69487818774754
50.75314480917666 6.0923052724865645
54.184706326633886 33.9251764370004
20.63536473622465 89.69136375621112
64.9832500381015 39.191548679007745
139.8646893531055 103.9638253586857
35.48837084093756 54.609666384814105
53.5674135984859 137.00076519590266
122.18237402502008 24.647602647534907
83.6455836826862 51.63182858179556
71.14614410485675 49.78995613627807
58.27371971388365 50.74215140556286
139.13652610852867 59.90562985917728
118.37759525273222 50.9760221004593
47.5087517499183 14.819736135453255
148.4474972086429 54.54053862333023
79.40925373593494 30.984446119275184
2.0667676558071504 6.019290463066812
10.252528721749815 70.76007937292206
61.90622975682915 48.14071828143779
15.363641495360925 44.91608579841476
16.892863025632927 58.616409570150324
77.16854582784507 127.98730576271304
80.59096995033735 20.438137335217966
126.20060321526171 23.657643953848336
102.03192151972755 76.52521177966238
145.82651897468813 110.96830377641297
116.59529431178524 101.30631566294572
116.10866742375312 145.24592180963077
81.43446637736842 136.06046270318973
75.40839508045492 125.21138486560572
0.25452993914796274 114.99412963871728
38.32687503128513 41.54091292418412
126.65704902737264 24.31864605496926
55.946964795427405 94.959402423021
43.00875553074676 36.26138715935327
43.87708797077926 123.35774384997866
60.181230083715484 76.21408070879278
4.50326959315449 15.738635206360662
21.646413293915977 73.27341581170272
146.50809562860456 32.53129652671637
107.89752590387573 58.67211839535963
9.002045224791699 133.9019090537653
80.52594399865986 117.17000032194134
39.198633450636976 128.7521234966309
40.21595698236201 45.133500701993626
58.880451374712415 55.178801505939454
15.462177738320953 94.87135561635976
20.44887487454626 96.06146550965607
101.65302108360592 113.26861626873438
32.94980017180787 144.20892785786575
128.61146463057193 46.08027322234497
40.13139830985901 13.54981205261322
98.93631335224326 2.779162657806511
10.249073978730255 8.448850319747352
141.66641612809823 115.99901569848545
62.038980455738894 130.36985385397165
58.25008605641616 76.51913062357684
12.474866251379147 135.99536961431704
88.40911193291215 52.768140711799546
4.387198198551601 44.827590886120355
72.03001312883394 44.95100216049474
14.072726141993114 76.51188371000238
105.93769374417471 94.57269174518473
45.86331008085148 110.27606812453057
86.05678845272318 39.25666870348833
13.729577053059733 3.1626561909283426
20.993715981305765 65.47054695671235
69.55974058091232 49.10241936579624
51.325319626067575 12.03859790743299
29.105928234325113 3.564941776398517
93.78269914029758 133.14655762726397
135.81046678563715 85.85053638325863
107.72821525852132 118.21789356738867
37.05280255652375 122.54952445299212
72.03870902946213 42.74829241545126
40.59479431092633 56.10020262450692
149.21055996820016 44.16645998604768
52.205438602914136 3.0420166721629616
126.56603416662807 67.40306633351041
27.00719191813229 44.22702186426818
38.08506345862905 27.263231303282392
43.513096645075436 77.56420857589896
3.554656379110016 11.148596522961302
101.86011667096587 96.72831080013127
111.63752973805079 134.1313082369388
18.703040352848753 101.5886384138252
75.84871738805609 64.90478878615617
88.11805167888794 37.8853778794994
20.114546313451438 80.02072539975951
141.4634853684635 138.89148323530534
98.19660245133888 16.711190784857376
140.61273784003652 102.46019312708124
147.8373964445685 9.980792614769268
149.246451402625 47.877577872114294
58.14021750700496 132.26464000339914
67.19757843887109 127.7009236948232
90.48041785998754 5.445094208093843
111.6498109801331 0.5404029671319033
131.9959102525409 25.490865226280995
130.45897285775504 137.30853873678606
115.7976714691989 132.52885131591682
35.18508248213621 84.10336895075814
136.89818260292802 136.24786948662765
110.00270135419724 115.44782441989764
94.74050847356416 141.12871344540272
54.90473410945981 131.93842799709645
39.126603021043174 69.50164528166292
123.9819838858034 149.39661876074686
146.3204556590997 81.1990373426755
31.421012687243298 104.09127018370356
114.51161953933449 116.34450850982417
113.57275065142437 114.59619895187446
31.837754631940722 62.38823479332721
45.84742040125598 42.358314324856345
126.80287355928684 56.188162793381984
143.88201196876466 118.32474560547278
64.42425811023398 112.62516939638923
29.935430669878826 13.387150022519945
5.873035132017118 103.22685656425212
60.308397333699034 56.92066572125869
20.627950824739116 0.967563441763003
9.696461743152485 68.17462009568212
70.24127630294235 117.5489902976526
77.27751095447245 136.06685346137434
143.84872514608372 125.90337547341184
147.0026107317969 22.506793892527778
96.6681487033035 118.88223133682335
84.41189647768203 41.45377008233393
142.04596216754663 29.83310980737083
105.45116618676116 127.53544709600254
113.11619758262798 93.60463560532891
143.49782038006794 16.095251347556477
102.0321076052508 3.7282296371882406
139.40504297027977 130.91161908393943
141.78274424862718 139.72610936592272
88.55925863817015 24.44810977756986
41.60534607932388 63.84457007333771
90.795577809354 106.06602725016756
92.22871138061109 45.2160032535161
33.75331965165972 81.43739324058694
109.60457268835697 36.145617619215535
138.790372547277 7.728764849279979
30.53424054010636 135.9143126209048
88.0959985634149 10.519220370084382
145.61407402594608 119.34331779619056
128.08431054263716 102.7250694326373
18.716423969236214 86.93506362819167
48.26082024690748 8.882948324841955
146.68100125841408 81.28766561138418
115.80389405584958 58.1630666958731
8.466351077226598 133.98175492903022
24.979261701441622 99.53285815010979
82.17640859181289 113.73986198096915
69.67220362536399 3.541493320448874
109.06548845042093 41.32541638240485
134.39820360026715 141.01638205602762
100.32985612821076 135.38142030426602
72.05024057563443 117.71367627485283
139.69294907418063 17.07582251074881
50.997641987732216 91.54318843949866
70.72640793913949 108.97719341692093
4.832162837656606 63.46633566575765
69.4825174933572 63.27267048386199
135.85819161496426 97.21692103731473
54.94731695791079 78.27599045791197
77.82976501562979 15.027137897274322
6.3522559354874 21.23160147707854
114.49396381415544 56.8880582394178
52.4663173568598 120.14047543707781
75.71819328316778 129.2106385105527
100.70525414538865 2.840432687919664
30.92173952513646 92.33794274771901
64.26684069574814 138.21051637165476
104.70718026971963 106.9971083751402
105.51406639668447 12.124357625340949
25.069420904657726 123.25433935343416
58.77371907649752 8.832622269358348
117.75575630715166 20.362414087721532
80.2497334947459 24.16660045723661
118.50679600291824 90.52256642757014
43.411625749000805 18.980351647847833
110.85125479880818 58.77229320047998
61.24632635223221 46.98848522930484
120.37234200367566 108.37969213943283
114.07171040056339 47.45397063668763
105.78095691975977 96.49022796466222
36.28968953128908 133.05116998175822
41.155254848534426 50.009127569693675
71.24394210212188 144.01001631017363
2.360268801455251 80.55576428791571
55.415321715252965 2.750786386047477
11.669348137376684 96.01946649969499
101.16587094262746 99.11308725897055
33.24078827001395 120.10322194121623
133.2095919620785 144.17190854956652
67.70972108961496 110.68111177032601
101.05657234088842 148.79018726932992
118.19019948175472 66.41167474695888
138.60903472482727 9.605462392119351
147.26863022577768 32.323503134143856
108.80405539358527 116.917233407448
27.939190823800025 48.426341934734594
21.325816425055894 53.60912576915256
66.66700245368543 47.11667365568455
118.1120439148162 30.55704285996166
87.0156505222857 138.71709529320535
65.90425462185064 50.14934497605607
143.82725139050174 24.673648929344644
131.6236305790374 32.12377797405511
33.83250464643617 52.77581800088853
4.9126515281623595 64.19549161080614
133.7685169358413 31.30840737617731
4.64405002254284 88.349839902464
12.587803166576188 129.68607868489428
60.16966451572899 8.706631151864885
42.68389042598291 99.58952061201263
145.48828494362348 19.06097130579881
115.73934374238216 144.8327405680714
79.17725712023388 138.28912605916582
44.13291692561673 118.01887200022595
34.06284808465864 47.364934400639484
106.426085951965 64.91413509044044
78.90518794717934 124.88070401963408
30.564475957759065 3.721426981469078
84.79780466229614 33.62532062431129
7.4949430038494915 105.97359523298975
138.94976187396168 7.0977315438566055
56.948286460440876 36.51880729994194
13.460383544727211 47.81350665376914
89.92637975296606 36.33195178463542
13.796995358196067 14.356150492319465
11.36775985867301 21.459710910401558
66.4219696499328 77.50804763703334
146.2109152416286 11.737668255726675
119.94137765113896 85.18165953562733
71.05643980207029 18.270350602034323
91.23060945384312 57.73707388468632
55.9642558229266 51.75602949143676
22.21215295037065 71.55799883860374
137.0103692244978 6.318018141030535
52.95820450759927 112.88696458127262
107.2600484949319 26.967414068218304
75.32247536559049 27.421903138463634
127.8932712247355 130.91731874236655
132.93382744055677 135.8190099406053
17.934581576968284 131.11541603613318
46.61702202813314 122.2487561204832
127.46530369939708 113.22487427745958
33.19471874336283 53.48866679039351
115.60888197890411 96.71243738428706
87.96201408982208 48.34375619590462
74.36790699398772 144.62561169555497
118.58385167760191 12.230555498460232
101.5319755049486 135.98022521500613
133.61459516099026 6.425498525097079
78.7739758292026 50.11848264691646
64.07675328473539 122.16142315583627
131.54050925765878 136.0468779622667
37.971166699789876 148.51876844311954
14.721005033579404 54.62699392469628
89.19476936904005 0.9079379886827887
63.03934885980303 139.79971367042896
148.7975888634248 88.45605343947653
6.341980376746342 25.99063431458196
32.32691735269274 143.41141585537542
31.87366084179471 19.320828290713056
110.57434389211284 58.1417699231069
83.32147052926933 41.0250711370249
39.477154802109425 48.791211791938366
58.422688455626584 70.21905709339963
49.259656796075355 101.57253735131229
121.23134951577411 95.13192109067239
98.6686035564128 126.07421138738513
96.31228326424521 13.420377822610968
24.456307107213238 12.991415866249195
123.03280070052861 137.3387555578722
54.33377507223462 73.45718868537013
71.55878198519797 3.7321834734921344
94.20762603831459 3.0697951149777802
16.267936769772824 49.91005670495293
41.305941990226955 19.585000670294413
62.16970982038989 96.17980439591746
25.882421187639093 4.946885877202822
62.779361985172145 5.320899446925886
50.63727487027802 26.853566194571922
141.11242579219652 134.92912423594987
3.830658098671369 116.79326650859272
80.05842990128976 86.54955541131154
140.7827159036865 43.23061211193915
69.58697465209052 35.60506379731967
106.75378547702061 14.974621859526433
6.051234068683609 144.28134759390144
54.47537832667232 14.42199873656172
53.177725088535546 107.02254598723536
95.57242867044103 16.094870217538148
145.26127376989356 40.676895284451994
106.52381417086018 131.9013931901156
59.95485418962394 114.96188195673562
113.15612450702626 35.248872526323396
49.19910167467435 103.24168005670822
62.10930733320993 11.303939125197582
133.3394049581134 44.19515885589254
34.668850287274886 101.3483518927375
28.961087074735488 65.61759545801857
51.21081858661713 102.13876218433376
29.21708524882411 61.68360527212404
29.5556832622756 54.91512972296533
148.71352192120497 112.24094666135593
106.09837819567613 38.509600791161255
92.0530539185352 93.9255818418613
144.28206752964604 35.97259365057763
35.72576759112327 116.74376779982825
68.7929276086548 83.68512495241853
125.75052832955615 87.27234696451545
35.57734255752765 100.15987371860106
128.75959516717933 30.083784657907103
81.54393298958624 86.10007433233376
144.16230116063628 25.98588240397932
91.0591593366637 74.10476826314984
133.78486849224737 51.48030828554402
115.42165852660833 56.720191943884316
130.353631134741 143.44912455332326
74.34750105443504 96.00778469092351
48.54893425358776 94.61247350707136
145.00745137003008 55.79919467425038
94.41381920473083 118.53237091930478
24.958604883391477 140.26461715835822
147.58559839389196 48.041111736955486
113.84859289738108 110.05331464867426
67.37139665569288 34.42079146434209
16.837893716547807 136.43100014025975
84.83211263642364 85.85451318158779
65.99853232942749 42.317106263982026
48.60630931665389 124.0585537342092
62.95780208532863 98.63933963655226
72.2778797977652 1.166748631619341
81.79652029346711 147.9052287638258
29.452098140440924 103.97616237555877
36.16423410712241 132.6101912694259
48.28672906335424 85.1704730623798
6.080022793277346 48.687825976717384
97.72401976157222 99.19306037594083
137.70799603857415 112.47367191050684
58.78501303369456 11.736223047422145
112.1780870783607 134.9398675234901
69.9015883578339 73.17195735847568
108.47716401315746 118.53847601426523
32.610484963627115 52.10774820594064
23.725339548590245 15.457293562175012
146.1234629288046 33.33188468553673
46.0270446211296 135.45179337807477
40.933810141307866 144.4189161955234
60.08432760811837 17.997742827283066
70.24007751842078 25.01077321963393
133.84685184982067 73.97200943305026
135.24724174083275 29.62014746273256
36.572541693546704 8.167203652401422
93.26215627935098 109.20659730668737
56.50975239509576 77.82785970632683
21.851127326622176 100.91013291454315
110.49650416479105 69.29491488437893
47.24150247651352 0.7030554468579475
94.45329757481304 10.548734962485561
105.56841281016656 76.39965522125613
83.76047440805827 22.849114550303284
57.77343483578475 105.55765293148491
55.90086198867338 35.36113554994423
41.90222422380334 8.517318879794844
76.63826966733198 38.591368254234794
71.85481032403838 59.70074324621348
107.6495433278098 94.03747149840373
123.04179856614331 51.7302827264669
4.804644046880591 148.60637232371081
39.57038621000362 12.94346233790304
86.41041000187114 135.3801857913282
135.7873972339506 124.02478001729361
34.38506470279763 34.241707046944406
43.40428612132113 135.68331383420042
20.86229490348656 87.72175708852983
8.07203255086506 18.921740607106063
61.89512139143159 6.042356251257025
46.35669834398406 131.1629055562986
47.72133928307568 35.71137749603901
71.35757571182478 117.39455424909542
