5 5 100
5 5 1
5 15 1
5 25 1
5 35 1
5 45 1
5 55 1
5 65 1
5 75 1
5 85 1
5 95 1
5 105 1
5 115 1
5 125 1
5 135 1
5 145 1
15 5 1
15 15 1
15 25 1
15 35 1
15 45 1
15 55 1
15 65 1
15 75 1
15 85 1
15 95 1
15 105 1
15 115 1
15 125 1
15 135 1
15 145 1
25 5 1
25 15 1
25 25 1
25 35 1
25 45 1
25 55 1
25 65 1
25 75 1
25 85 1
25 95 1
25 105 1
25 115 1
25 125 1
25 135 1
25 145 1
35 5 1
35 15 1
35 25 1
35 35 1
35 45 1
35 55 1
35 65 1
35 75 1
35 85 1
35 95 1
35 105 1
35 115 1
35 125 1
35 135 1
35 145 1
45 5 1
45 15 1
45 25 1
45 35 1
45 45 1
45 55 1
45 65 1
45 75 1
45 85 1
45 95 1
45 105 1
45 115 1
45 125 1
45 135 1
45 145 1
47.91572034206336 52.67000966188229
3.6339356173379356 57.96486592678674
39.299883837911494 3.2768549497439126
35.2679000705465 128.357602634102
21.800646203655287 135.65381048419147
5.416906310736858 139.37755416927232
1.235765651479953 74.49985091437541
6.357080686259104 63.96347157865419
18.677894864995643 137.54811891238427
15.945241202835659 96.42090542132023
23.61118355445071 115.77274291022786
23.550076197844373 34.281576543748855
15.37107186221484 123.28992941938594
26.434552801016515 18.524339980570666
30.432710093515368 52.92938685629374
27.253401111862914 44.452406772794276
38.34131803009113 116.1618421992949
8.591668713167277 35.77061820883703
7.018511650012965 94.9183894241011
21.127313464035158 95.49648433546089
36.831237916753814 65.11585209706027
10.833872527832595 109.28006693309277
49.45431720352513 144.87422565751731
0.7931548903458208 55.9926043694182
22.996389948836942 16.11773346294743
26.077401279837225 107.77071559899113
30.210125286344542 119.77832525514157
29.506924969875882 66.688443614596
15.478806826444686 72.20129625133495
43.692289527063316 127.05980648094358
49.8251095304166 139.94626078811677
7.298161933535563 46.37900248009566
46.06134307610499 72.94101750807172
2.2042274607566914 134.7896963228679
49.48968782379032 97.16128858775816
33.92420632843401 89.88262609237647
12.686635003825636 67.79521481498682
15.693510628467966 68.88482684833718
19.848993260878085 122.14095773171016
49.760405635098785 27.40896585956989
40.169311742717404 54.366418463042585
40.12751766881597 21.85674214443732
47.86059789043418 101.6611708969465
22.62960591396126 42.010263637177545
10.537536465663194 109.51380305380984
18.009787158711887 73.46982406149523
40.30967645040761 21.59495016803783
48.768823839499554 94.50945028455648
34.01891746743156 57.420861678093566
36.37330655999079 21.385443432879807
37.47512979225507 120.58466244607241
3.543761893253566 70.10030946001754
45.74735079605669 68.59955493339359
6.980200582957186 71.94972150043294
3.0152172205821612 17.61698424322857
15.83742850846317 134.55099126419952
11.996705070238555 57.886645098930735
22.76875700977717 5.358360500930487
16.103180874059287 28.102223902815588
38.853767590965994 40.727433873879015
6.43977492669206 125.93694576805163
14.755547965059257 106.22166540566948
2.7915316834008888 122.07565101629486
19.823016178466446 47.29245774376834
49.456435421899144 108.81990563071236
22.287031239166293 49.170527441934695
35.105092707593094 19.062537986263383
46.94308640692218 58.79991044214156
40.20129053495537 93.39052445088267
6.786225966083393 37.14241813661832
2.894404680496426 137.68554484797033
9.996572527665032 62.10272408907312
21.606505689445715 130.06174899992087
8.325751589718521 33.32617225103181
38.153726718906626 95.93874121008642
47.75451709727609 123.02733617004463
28.457559689253003 27.45823730183116
5.244014136406427 6.864139891775184
18.13231752109955 82.43613851205258
20.29313507380405 59.835844118932656
17.11001411545737 55.403699901492544
32.095842114127024 105.83207569880241
22.672719868594683 86.02151537126745
32.48073537156701 31.00750488846235
3.1656045867494766 15.82420508223904
6.199965540279939 12.09654637345417
6.25335262013707 5.505923901962062
28.621911859690925 3.322002959456011
39.03760253263201 8.47740055943973
13.237658866236945 10.044375409051648
22.38465076249793 20.905079255839986
28.763476793259183 7.953479052913415
9.004016626354439 99.22215832772997
32.51556517114977 21.196347684677804
39.724485514791546 55.454474138313955
16.15445501809434 148.3651567923731
36.70763752940684 97.10683765302137
43.68898657766424 77.88554833619773
6.276264536105758 149.9100999035849
44.28989861931326 85.47706772049995
