10 10 200
5 5 1
15 5 1
25 5 1
35 5 1
45 5 1
55 5 1
65 5 1
75 5 1
85 5 1
95 5 1
5 15 1
15 15 1
25 15 1
35 15 1
45 15 1
55 15 1
65 15 1
75 15 1
85 15 1
95 15 1
5 25 1
15 25 1
25 25 1
35 25 1
45 25 1
55 25 1
65 25 1
75 25 1
85 25 1
95 25 1
5 35 1
15 35 1
25 35 1
35 35 1
45 35 1
55 35 1
65 35 1
75 35 1
85 35 1
95 35 1
5 45 1
15 45 1
25 45 1
35 45 1
45 45 1
55 45 1
65 45 1
75 45 1
85 45 1
95 45 1
5 55 1
15 55 1
25 55 1
35 55 1
45 55 1
55 55 1
65 55 1
75 55 1
85 55 1
95 55 1
5 65 1
15 65 1
25 65 1
35 65 1
45 65 1
55 65 1
65 65 1
75 65 1
85 65 1
95 65 1
5 75 1
15 75 1
25 75 1
35 75 1
45 75 1
55 75 1
65 75 1
75 75 1
85 75 1
95 75 1
5 85 1
15 85 1
25 85 1
35 85 1
45 85 1
55 85 1
65 85 1
75 85 1
85 85 1
95 85 1
5 95 1
15 95 1
25 95 1
35 95 1
45 95 1
55 95 1
65 95 1
75 95 1
85 95 1
95 95 1
79.06210139690705 84.2490048804248
6.420110553288816 16.49639129324525
47.339729137182765 12.262689155262086
50.75562687166811 15.348728814262858
82.80568589293289 57.824615299667435
40.3659509724152 88.41019421640341
12.23437413251106 31.735709247263287
45.47878420050346 16.325163467773628
69.77147492072146 77.9281219391731
76.30074645948311 98.73419990073576
84.72794212100948 56.885014232406796
9.888472591323637 47.76858729743868
88.63925060282885 8.242404369054046
10.101498298680923 15.471390093659421
96.59976757049091 78.47155092403548
33.923738909839955 15.835803444548125
36.69035336691762 98.11453984181068
90.38222270496533 77.48753388632714
92.66286514046463 68.85845228283449
94.48462039444794 49.438284437334936
21.28455127961467 0.5765978686786299
92.24744335479865 48.44278050757649
97.47843806340649 63.7394398188808
85.20670555811014 27.70197323148792
33.02189832990937 70.39653487916797
89.5580146875745 82.24896692291017
91.5847731909619 48.877888895977264
23.516574661891955 47.67579007577103
55.08175214138947 58.40149237654033
58.63831616995838 8.951534455935473
66.43332040253041 61.153077234824984
56.81851320912234 51.66555423181328
52.62148594693983 58.49547233380301
71.91330060262268 39.46036392976361
60.551618814297484 29.05156102748507
33.76735356893391 84.83202858665577
73.72727060745439 36.76387419263786
20.555193995369734 70.52608584043075
76.01206127454044 31.583872947512948
2.438332848284297 74.20042826183597
97.84204279245452 34.471537179376064
79.15388691716923 38.34283610331399
58.22701500252118 39.3546909618337
86.50295018450718 33.23616683516589
5.376248064783429 32.83227509229019
68.94923997258081 55.4864148912298
72.62123007223266 16.13191923708347
82.17690070844542 82.52128031035514
78.22314619590894 66.34437591025623
94.73186007593742 79.37446419128283
69.43601354528742 44.95445425777186
28.417867358015968 45.52220744486911
91.11749266931756 50.95956835689063
16.198087575316823 52.376507852900346
41.70200007626057 14.818539202337778
11.097492175537848 4.4199404775384865
27.327002165289706 89.2269406617858
53.362969594648156 22.074929417007304
62.92106955050792 49.03512516032143
87.46004116725253 86.46916654950128
24.67656139216714 77.8269206150283
49.522315176387956 51.96382911712667
62.39140432924065 20.240592873423257
59.30617375321452 84.14490802133085
67.4963720276895 80.1811203598339
87.57909818015057 91.76668590978613
21.8544508022543 60.093062558122625
84.47023349504532 45.833310843475836
57.15751367906445 2.0865402952826906
87.82936939312525 42.78913032797175
53.24234149042876 37.5324185539642
84.63173642529985 40.31419053567154
16.68409577001522 4.691238936294296
80.49523336263142 50.97402746127586
91.71896314380504 12.069729196551027
72.88738512813406 41.826766555042994
19.352413683418167 97.19603910795955
64.22529311911288 5.365657847225103
46.55672343924139 81.31672578457729
24.807752704919427 77.90285382830245
58.3286141541199 2.3591308280738854
90.7134078070115 87.37656499510253
4.1758206307172525 96.37184436709057
49.594384894726 4.890579569331321
36.31114900675918 45.13338917249564
0.8194834975727261 92.07191387350443
50.10327363375341 30.490319614656947
62.64583136817122 71.92572505250048
80.34015177085357 49.90285021648452
30.378648007707454 95.83659648351278
84.077713614848 12.485299864780487
61.272717951864664 51.826595325287904
51.78033819471553 53.32314688847737
70.74209132177008 33.04929431648643
93.7242988206308 40.402420813698114
74.8254931735703 11.88380223729344
11.505399752071387 46.68147575224929
50.48083088801819 98.39274589933787
92.4894144488353 37.02291008325776
95.0931616739119 12.41783779398472
75.93338336560277 49.346167027392426
49.64818791442585 48.156533200105414
46.713836863485824 6.702383172448512
12.80701852404924 85.92934123633616
31.28440436159623 6.431996230741821
26.127395505990247 9.28444715900677
29.23803351246823 86.61838325348621
35.76011083907426 10.537163298640396
37.24880094399621 99.07715904530947
53.54630283546403 73.25202856437159
48.93151703350726 69.59733978321728
81.11986240598029 82.25806944088846
3.6169830212791187 8.992705087252695
0.8159039228400777 46.60909641013997
37.621137821083536 26.15924010616513
38.77828561812902 85.31288304665729
97.41886369854721 48.34447730662953
57.596835363697295 61.08917251460452
0.7974422111757806 18.9892263230344
34.32648912246869 94.22448139377832
3.280636904926737 4.156343115798633
69.93967998722935 25.51236843215007
90.45093466255646 17.662087296709473
29.356764306499027 69.14801128935689
68.25515841614215 68.00879301865245
98.51946173298651 65.66543261173463
23.2107385316079 64.76175969595053
64.6164940275269 87.77077492533735
4.191332996715513 58.02070669838339
37.90842670416112 95.42048315982017
86.20683201949662 88.76367167954959
58.465797424751706 73.52584364149652
80.2068356747099 10.994818800083205
99.73230919492926 43.892594315091294
36.349756972216554 46.53871321017766
19.098758736661235 81.61898309279741
7.862158293858801 19.515338951614147
92.43441609950182 0.07634442517084894
78.45393943632818 2.9959392413288044
11.256975712969375 1.3285698598630713
83.68797609519265 8.607175636084563
65.81557229457408 14.362000290964739
83.6136170208106 97.08958490590591
87.20284278617996 16.927317810010344
30.7377043515238 37.56424674351593
23.986670644803667 4.729062942869899
99.64789199996328 10.298650296716815
28.666590596545472 29.851662716683837
22.396497217856115 46.06355055414445
57.67176094194819 10.476895206910564
22.22674721834589 50.634258365672494
3.5702686568351183 57.17815622731478
74.6258873825842 24.737752960712033
63.16990264755814 84.52404777807972
27.488671436380795 15.927375999552263
66.29369427248497 65.41885835277924
12.22958533572177 80.54738623955788
88.16290840897352 81.90751400723096
60.71735005515192 72.94621638136007
11.345050932438493 40.90555546023398
14.917261007030746 20.34023690613199
78.92076611697887 82.65009349447493
70.33542903386983 19.960991940455454
82.80884364313394 45.02520682573758
51.05404959050327 1.5832111184275965
36.29565303413143 66.13787071582024
36.36425934359916 41.46568393063532
20.23231418374687 41.37846167259299
57.559392807928134 69.14381746291005
18.77270380437569 88.90163476687279
58.625715043419255 37.40726104699773
76.2786749648783 26.714844878268064
17.25765211174859 17.472658421768617
80.99807156141493 61.83167444190269
41.058880672929746 74.17415691167251
87.86787720939454 1.1720610328363579
49.852168437592745 22.605691939805727
6.159055080964526 26.003571088531075
44.40990501744112 25.150550553323857
10.776751291059039 4.417305136249849
56.8356111009936 43.48127344280756
50.02847241974438 57.46650414665224
82.48555762417871 22.041982054244947
2.4061550140823784 63.904596533614196
89.02826187728671 10.637830145244864
38.892871567905765 13.352231003764125
99.22594132062422 81.94524129307655
76.10976589881032 31.9121069183501
31.87216513087189 82.98839526168467
73.98133950053476 15.630698866250036
52.93097438876344 77.79976334955036
20.377012690569895 41.3299544170916
81.28364746698155 36.44515871762732
70.29079411263032 36.03262568563845
63.635849586168426 41.70791960205919
8.236532322100176 32.80368569197216
53.23877611637209 71.6148656514202
32.31822060812314 49.62677511003314
6.633288901141121 79.52039572023665
54.06000724112487 62.81768930782942
