10 10 200
7 7 1
22 7 1
37 7 1
52 7 1
67 7 1
82 7 1
97 7 1
112 7 1
127 7 1
142 7 1
7 22 1
22 22 1
37 22 1
52 22 1
67 22 1
82 22 1
97 22 1
112 22 1
127 22 1
142 22 1
7 37 1
22 37 1
37 37 1
52 37 1
67 37 1
82 37 1
97 37 1
112 37 1
127 37 1
142 37 1
7 52 1
22 52 1
37 52 1
52 52 1
67 52 1
82 52 1
97 52 1
112 52 1
127 52 1
142 52 1
7 67 1
22 67 1
37 67 1
52 67 1
67 67 1
82 67 1
97 67 1
112 67 1
127 67 1
142 67 1
7 82 1
22 82 1
37 82 1
52 82 1
67 82 1
82 82 1
97 82 1
112 82 1
127 82 1
142 82 1
7 97 1
22 97 1
37 97 1
52 97 1
67 97 1
82 97 1
97 97 1
112 97 1
127 97 1
142 97 1
7 112 1
22 112 1
37 112 1
52 112 1
67 112 1
82 112 1
97 112 1
112 112 1
127 112 1
142 112 1
7 127 1
22 127 1
37 127 1
52 127 1
67 127 1
82 127 1
97 127 1
112 127 1
127 127 1
142 127 1
7 142 1
22 142 1
37 142 1
52 142 1
67 142 1
82 142 1
97 142 1
112 142 1
127 142 1
142 142 1
16.531699332795956 20.907949111045916
130.9852333688439 26.926511014100306
107.99346056532151 66.10477019907063
69.76583078260899 86.73718073354587
98.73449732623449 21.26747008119349
129.16804796761505 9.626567913834972
114.63247879492572 90.93314363883417
48.84727649130035 142.06012978032567
106.47166561193903 51.522238654934
134.9304321788393 122.61325217264334
12.143965491498697 18.78269383291468
73.30425518359748 94.31415609875009
112.99788552175363 148.71029226652396
133.9472946596691 51.551179866699556
92.57320034265705 75.48640396995874
95.39131915452398 26.69893016595507
49.733244444458315 81.92844485524606
134.4221805010976 144.41368328558087
143.39528940651064 92.05295555080863
14.432367590465638 149.46593032904542
92.36186346732447 72.97023122486324
86.43089640613546 69.87664797492246
107.9475900997921 145.80543222847274
88.38496768729254 85.94909921789078
122.35383060336599 26.197085173371214
78.34513174550518 31.98987948284069
37.001664975989435 149.8397349220436
58.17132914188712 82.04476905241962
46.568035336449384 64.91818683322336
117.73845624388964 69.74143687717644
73.67320761834473 119.01806339553677
80.321880089219 149.75807076078843
87.61537915057171 68.92873823453147
44.96448914317535 96.06606140221446
138.90050674786818 8.170614278473654
112.0012202614344 27.28988809824493
59.46659691672565 11.021842905489166
104.05812169309714 110.64425221203534
57.865017671020055 48.2130520044599
80.56643788785317 61.04004634743301
58.1276369947816 37.91574909340418
106.99510329779632 144.29311039393102
34.317657493430616 102.20728501461764
63.11153349077399 57.88778613580748
134.7473699066048 125.5120906160024
130.7176133250303 24.040420418236074
64.07891756232831 54.93896581758987
70.25339804257987 91.17740973997904
25.67491583311028 71.14100799305858
69.8921350015353 16.547317979861266
8.011342388590037 100.47888245211576
26.193123495141013 70.97806570040271
110.60513549106754 47.792357011277836
81.2534142636266 148.05755625218177
78.9425063392338 13.239926710819432
122.98271680321729 31.014559159741868
86.99144761585296 16.282127941345472
55.848212642063935 73.28744811029132
44.48572353321201 86.47079154166936
22.694684816275213 59.5931863696042
82.50355964203959 86.69648492280373
100.12102777388509 68.21403345788113
124.71572234686288 122.67928289323729
70.77363853521169 48.80463610428
70.48199022856197 50.45095142687689
84.39739607559873 144.86681540271618
48.85388458860517 127.65193664335607
110.56997338838984 23.634224991554444
50.8367704948032 120.57286571976762
78.20920771863834 107.94055430249131
24.594132701848526 143.2539247832628
10.580534095400656 0.10307251288637076
95.49296422594405 130.5685752872724
55.02148079104349 113.8781947046828
76.48430848140138 27.11486469672791
16.36918157911901 98.68738016447857
95.94250490630736 22.725083230384897
83.1440568026056 0.9194152739162798
88.58088937288477 85.21914626699088
94.52249874761533 127.70155877337882
6.590551295724312 43.801513492259645
131.26960939337326 65.65514810651504
55.694658771373504 67.07264860831145
17.96713597697343 71.55984687857918
146.4006970426756 100.65459143391722
102.38112147174874 0.6137747358115397
88.44790772162462 67.69865367753025
30.125272185078224 96.30946468407305
51.84719638100167 77.63979662161083
124.94436348579414 19.945128451368177
40.052484727036756 42.574962047393335
44.67585576419728 106.03563342612213
8.2452153830543 39.90760795233199
11.949639180876236 81.4831149008659
56.05283577386812 8.613370907761459
11.142472517366203 56.05068733181885
149.77904663959993 8.873727719040636
62.73733532657616 93.73223562591656
98.51006788912865 68.52265625772051
32.27554480568023 50.19414157161794
59.29813685276892 64.96941524083249
107.32459036375371 1.8073353415089255
104.61315755713599 28.51372947257294
104.28348468049256 115.29508362970573
7.501976245189118 134.16666647360503
129.3313226002428 9.513360422902679
93.36879415604547 148.77995172156102
145.76773002596858 48.49852654326037
31.390009496511368 13.625948977871866
147.52391861060192 137.27159973804316
27.614730146058662 85.17115999723885
62.883632137478386 138.90197981855047
34.2420689030153 143.46984565232228
26.732944542221006 27.315259025631583
19.862643269805346 101.58057030259366
6.719107759693754 59.671592073048735
41.690475753247334 83.56750667156837
38.79275500354271 105.21901308611177
105.17651324042056 19.931959876043194
77.8086839477852 126.7831521246652
56.34652721419624 90.18271341029076
77.71972880619184 0.9091423869842963
45.74167805068336 24.40991369467301
115.53515638055252 69.32004625231471
111.18562410500148 115.37176356987915
56.15614629079508 38.5939486542961
81.42211838940712 78.08482658709306
126.0926621637463 138.93054064831506
124.90951498765969 32.48832427481507
29.811297175950934 65.58605678636262
41.016262187619404 139.88970673629294
73.10265032590355 0.33138331544760313
39.27681916411503 36.52441879382409
49.23057858360968 85.47450098219022
23.909777370882505 135.5454359720674
134.6784123131273 14.081563707743289
92.05519635545032 18.896930578939298
73.58847082452009 23.70434531776843
38.655649792087424 144.10393391255
66.32009643166563 52.37219549503335
25.826469255522266 66.38989476793266
91.73905408141029 105.76909720776018
113.22412758993892 77.14931441234756
1.4898772647456426 39.28335338099141
22.65634461919972 134.044882087361
18.225226552525083 10.076693259482216
36.992832187839376 93.46850556306292
14.968628378159593 76.26549668347947
81.10043803381936 26.94084772722796
101.4695621623605 134.50587873212598
123.89063496794698 62.20772086507359
138.12902128590162 100.11608757644339
116.34216035643159 49.078448783395025
56.314208877310186 140.79874120726728
97.16743357463604 42.855017495705425
32.776794109999315 81.12651111364093
2.0338144469540076 29.691232762603526
62.25108031860525 53.53121884257287
22.10777893244765 57.05678972774039
47.19530214586291 34.4750543215545
67.4996294544596 130.3785972760069
60.04082741334973 117.82769057215538
19.18830022325473 137.45735041357094
83.67753664343145 55.109199563893526
45.61754027531397 60.306597755871344
35.25074178666247 14.492737176809028
0.011993959702932822 105.18823253397316
122.74753290643028 42.79084434749537
0.5624637419194001 124.12127062032657
148.97044436104355 80.85674129828578
38.08301735209817 115.1117686671902
52.423900167591256 39.323087247598934
85.60659277526106 121.55602842486317
47.015735141542095 40.217435675897676
66.95673100783993 79.20632750417363
144.54129892150027 51.90501710498756
71.28253824831773 131.83162507452667
130.89349594558672 20.086505743757648
82.17334002276709 43.19257439742904
5.600926782696419 10.507728205768057
93.09158165449976 5.8714187127272
9.558552483858811 93.785860371122
40.416431492619786 67.2897917765107
88.2027935562846 58.27407307143302
1.9684866216664487 118.27265466701014
9.544901319842253 87.72099660051451
66.54597662804316 108.47058532775435
49.06944943285425 106.271176210632
74.12735494208665 51.983665994850156
40.476805154870604 50.70211449953328
2.7091271544430695 87.35357780832202
122.75819441927634 67.9554070814753
113.00537159715898 145.93962817966542
19.05740970031279 139.11922478132468
105.95309275763574 33.63611663372003
143.03975493499848 93.83240224793518
133.2483727345872 29.383766088337516
55.57106050601423 107.51057011743079
12.723944590912057 58.053196382931986
118.12927066066453 135.98284246503277
