5 5 30
10 10 1
30 10 1
50 10 1
70 10 1
90 10 1
10 30 1
30 30 1
50 30 1
70 30 1
90 30 1
10 50 1
30 50 1
50 50 1
70 50 1
90 50 1
10 70 1
30 70 1
50 70 1
70 70 1
90 70 1
10 90 1
30 90 1
50 90 1
70 90 1
90 90 1
98.29142689551423 86.89572639350564
68.40641195648584 19.669861090826114
22.41848713084903 3.3294656005186107
73.32588074582327 1.8651389255692652
92.25009724808993 66.48926625630988
85.43888337850369 45.91457585492095
85.40345889076603 44.86578374442058
31.4484300535129 88.45137275661827
3.170969033674409 78.7753519687158
55.02980651432916 88.07274663289418
86.73087671045313 8.246295331067632
38.66297582201605 48.02483571335811
60.1038980323929 9.043430267039088
86.67011461414444 6.170681679138623
2.85801664340648 90.36400431860608
52.657620998192115 89.79535488130462
34.50189955060572 98.01693795960304
93.66494496481842 12.794007171201738
32.96305591352111 7.394715543171094
55.46461723297785 9.236747506961617
74.73119815504486 25.061435634289907
89.89932126689544 41.86044883042969
26.573456824206332 21.732800283542797
87.13027092401737 43.618006919107835
74.16624565840362 41.3612913592829
76.16948028306952 15.334571349899107
72.25452065468014 12.388234810205113
99.23190186815522 10.104790921530682
64.38305837615526 5.470578267868021
3.8637635099363132 83.95196607226073
