20 20 500
3 3 1
10 3 1
17 3 1
24 3 1
31 3 1
38 3 1
45 3 1
52 3 1
59 3 1
66 3 1
73 3 1
80 3 1
87 3 1
94 3 1
101 3 1
108 3 1
115 3 1
122 3 1
129 3 1
136 3 1
3 10 1
10 10 1
17 10 1
24 10 1
31 10 1
38 10 1
45 10 1
52 10 1
59 10 1
66 10 1
73 10 1
80 10 1
87 10 1
94 10 1
101 10 1
108 10 1
115 10 1
122 10 1
129 10 1
136 10 1
3 17 1
10 17 1
17 17 1
24 17 1
31 17 1
38 17 1
45 17 1
52 17 1
59 17 1
66 17 1
73 17 1
80 17 1
87 17 1
94 17 1
101 17 1
108 17 1
115 17 1
122 17 1
129 17 1
136 17 1
3 24 1
10 24 1
17 24 1
24 24 1
31 24 1
38 24 1
45 24 1
52 24 1
59 24 1
66 24 1
73 24 1
80 24 1
87 24 1
94 24 1
101 24 1
108 24 1
115 24 1
122 24 1
129 24 1
136 24 1
3 31 1
10 31 1
17 31 1
24 31 1
31 31 1
38 31 1
45 31 1
52 31 1
59 31 1
66 31 1
73 31 1
80 31 1
87 31 1
94 31 1
101 31 1
108 31 1
115 31 1
122 31 1
129 31 1
136 31 1
3 38 1
10 38 1
17 38 1
24 38 1
31 38 1
38 38 1
45 38 1
52 38 1
59 38 1
66 38 1
73 38 1
80 38 1
87 38 1
94 38 1
101 38 1
108 38 1
115 38 1
122 38 1
129 38 1
136 38 1
3 45 1
10 45 1
17 45 1
24 45 1
31 45 1
38 45 1
45 45 1
52 45 1
59 45 1
66 45 1
73 45 1
80 45 1
87 45 1
94 45 1
101 45 1
108 45 1
115 45 1
122 45 1
129 45 1
136 45 1
3 52 1
10 52 1
17 52 1
24 52 1
31 52 1
38 52 1
45 52 1
52 52 1
59 52 1
66 52 1
73 52 1
80 52 1
87 52 1
94 52 1
101 52 1
108 52 1
115 52 1
122 52 1
129 52 1
136 52 1
3 59 1
10 59 1
17 59 1
24 59 1
31 59 1
38 59 1
45 59 1
52 59 1
59 59 1
66 59 1
73 59 1
80 59 1
87 59 1
94 59 1
101 59 1
108 59 1
115 59 1
122 59 1
129 59 1
136 59 1
3 66 1
10 66 1
17 66 1
24 66 1
31 66 1
38 66 1
45 66 1
52 66 1
59 66 1
66 66 1
73 66 1
80 66 1
87 66 1
94 66 1
101 66 1
108 66 1
115 66 1
122 66 1
129 66 1
136 66 1
3 73 1
10 73 1
17 73 1
24 73 1
31 73 1
38 73 1
45 73 1
52 73 1
59 73 1
66 73 1
73 73 1
80 73 1
87 73 1
94 73 1
101 73 1
108 73 1
115 73 1
122 73 1
129 73 1
136 73 1
3 80 1
10 80 1
17 80 1
24 80 1
31 80 1
38 80 1
45 80 1
52 80 1
59 80 1
66 80 1
73 80 1
80 80 1
87 80 1
94 80 1
101 80 1
108 80 1
115 80 1
122 80 1
129 80 1
136 80 1
3 87 1
10 87 1
17 87 1
24 87 1
31 87 1
38 87 1
45 87 1
52 87 1
59 87 1
66 87 1
73 87 1
80 87 1
87 87 1
94 87 1
101 87 1
108 87 1
115 87 1
122 87 1
129 87 1
136 87 1
3 94 1
10 94 1
17 94 1
24 94 1
31 94 1
38 94 1
45 94 1
52 94 1
59 94 1
66 94 1
73 94 1
80 94 1
87 94 1
94 94 1
101 94 1
108 94 1
115 94 1
122 94 1
129 94 1
136 94 1
3 101 1
10 101 1
17 101 1
24 101 1
31 101 1
38 101 1
45 101 1
52 101 1
59 101 1
66 101 1
73 101 1
80 101 1
87 101 1
94 101 1
101 101 1
108 101 1
115 101 1
122 101 1
129 101 1
136 101 1
3 108 1
10 108 1
17 108 1
24 108 1
31 108 1
38 108 1
45 108 1
52 108 1
59 108 1
66 108 1
73 108 1
80 108 1
87 108 1
94 108 1
101 108 1
108 108 1
115 108 1
122 108 1
129 108 1
136 108 1
3 115 1
10 115 1
17 115 1
24 115 1
31 115 1
38 115 1
45 115 1
52 115 1
59 115 1
66 115 1
73 115 1
80 115 1
87 115 1
94 115 1
101 115 1
108 115 1
115 115 1
122 115 1
129 115 1
136 115 1
3 122 1
10 122 1
17 122 1
24 122 1
31 122 1
38 122 1
45 122 1
52 122 1
59 122 1
66 122 1
73 122 1
80 122 1
87 122 1
94 122 1
101 122 1
108 122 1
115 122 1
122 122 1
129 122 1
136 122 1
3 129 1
10 129 1
17 129 1
24 129 1
31 129 1
38 129 1
45 129 1
52 129 1
59 129 1
66 129 1
73 129 1
80 129 1
87 129 1
94 129 1
101 129 1
108 129 1
115 129 1
122 129 1
129 129 1
136 129 1
3 136 1
10 136 1
17 136 1
24 136 1
31 136 1
38 136 1
45 136 1
52 136 1
59 136 1
66 136 1
73 136 1
80 136 1
87 136 1
94 136 1
101 136 1
108 136 1
115 136 1
122 136 1
129 136 1
136 136 1
120.28804714785454 105.73149537600051
68.35611719684904 28.626744586683646
52.99742050030886 134.8872369989804
133.3156201385583 43.137461088902015
56.13468192845559 102.27946697371678
128.0184400622621 55.93963280710514
11.954838138120799 1.6963818322017932
78.57111393931326 50.174708419810294
32.4177109725748 61.14785955371556
99.5719628453573 142.6074355067789
26.047292099826052 87.57632646784737
16.101407606447076 63.28962314777993
1.2091447603699013 29.592671926747542
47.685882545747695 30.098916400347726
119.2426737138684 86.73614951050266
134.65128718397847 111.18494240100115
3.597027927347618 47.9736142813268
20.85911388019805 31.131742980215126
61.615914864326754 143.9840431929299
131.4548088109363 22.13101191958204
112.63637579557367 105.94612054685355
42.34955693234965 142.42853892379208
42.781973117644704 63.206558443114176
87.56090630525344 107.16237882007634
29.380063503416736 8.413469005050805
13.496955782638937 15.852796126167224
144.70484744419684 69.30590077921168
137.9111596995263 129.5971174776204
3.7603856020160533 43.956553504833664
124.51705121211789 120.45395361894131
20.854818902444165 15.562483230723734
149.96997135855585 50.07331293500348
70.09906386265726 130.83224666516168
122.59496689237761 73.57545931867145
65.45579779330305 2.516443208772945
106.3688140019291 100.71926177834487
4.867486000896953 83.97041512933245
71.15361785558119 25.05094448975188
44.71425946869319 104.5373131163623
22.095194260015237 123.62386040455608
124.78405281185047 31.3023686791568
61.20282156610463 40.43854489657577
9.21851638361026 72.13224178479682
53.522605330892794 126.40144868969738
144.68229245257754 35.553295445797964
19.358706608732113 91.25740538446875
87.61087178455035 111.75711845374771
5.9183630629191795 107.80489951513538
95.60080110726881 52.35063046623285
79.60873116817986 59.93678404404074
124.44069023723848 134.6031278817251
114.81630383776478 4.361721929622226
83.0889254120941 47.34136038112789
45.07294412630568 98.36136393560122
30.663926850827313 96.62566218473123
14.05198399442415 32.841643313179546
97.8982914246881 65.93923863739597
54.18937320089488 67.4986215778285
141.18736901225788 80.94082678994283
120.4069867807642 135.1899433456464
133.0213841372333 86.27583095471904
82.96154058914811 5.590292191522312
148.95012963562834 43.931241236869326
22.85903078467913 23.15620198493575
104.58408251927142 39.82972025417102
40.18709928116086 115.45484900408987
141.72030988855857 138.83390433812133
7.5106066029306255 99.10918558637579
85.13956626166622 64.15431765430165
82.53913005988693 138.88042583067877
60.81941083954842 76.5713131603587
102.32301668724584 1.1838555211714785
74.63219600125113 114.05925635026762
37.29343733709037 87.48152435955822
47.111397314930755 66.2164997070732
43.50873470388852 84.10576803470806
20.07142064289791 132.83830657816856
49.1117241203154 115.23258250382094
22.772969616404453 102.9440939805828
8.842122531471658 62.696344289028
103.43088106529808 39.70961343835147
61.042239450987324 47.428779141801805
26.38212034069077 72.17491198428343
28.177480466215037 53.07940315988069
127.58660629824779 138.47301182766384
89.81298511879906 114.75363110645362
83.19499787880325 72.63570043393977
80.23704848970424 6.20330251573245
112.38449062367728 67.10878046386921
48.381503539092165 44.5332184249798
127.4203358993129 23.385915780703943
32.71316981177029 99.11887445431996
121.1180438635231 36.38222369486751
108.42364304721704 52.96744177354006
57.81803521952356 47.166567245928256
80.42898478486373 40.470099217154434
41.46654334182552 127.7083886539005
24.885642326132974 16.1633189411221
29.70223523719974 139.67621381750496
89.11647149814698 101.77828920068814
149.34245238288045 57.04038785842079
104.74125689366718 129.17965088850872
93.27243090509386 68.25106897220516
99.61325594363824 103.76186568482282
69.88913488615921 116.92882935532923
44.05392218030655 52.73520476612654
65.42610210465686 94.47932032802616
105.07037856327075 38.326413192088125
8.833835776943216 121.1408408402393
146.45621457743033 95.97253889332394
57.61356596162408 145.69060011955878
140.1584766127498 38.64294808814221
45.223870306065415 95.93281210296736
72.10243604521754 11.710258016747794
110.59993264443473 58.18922614320261
26.70728575230264 111.63838204040505
0.19477712381170686 29.854798979932568
121.23915956710502 145.09503777275424
149.2281843380281 17.33482098569576
20.37448650643635 127.33216577155233
145.58547778485223 131.36306105713118
102.04652072893664 138.30588172251538
118.92150368052927 21.670728105882333
46.05819283456231 76.66328991743033
56.02085688594341 61.079109367012805
11.702294964200638 59.921065962477
25.321742664158204 0.08141781343046772
140.02590563715194 113.85782061950286
82.42741288509372 91.40561233127245
12.564791369817401 86.58610959784954
3.394622972729139 15.277449350232668
119.70045915605938 65.50049217101225
78.27970910081568 58.756177633804896
133.6484371038296 66.7358524125314
27.19900327702816 55.386784452536745
96.74312893556957 9.310102118476982
100.2074016292876 102.95549885200786
148.63649119323202 144.31352844986696
24.776053381759986 139.5711517893953
139.90747190814338 109.45063188369284
13.169033909645368 96.49153447420731
121.16564391878491 68.34131880099787
68.91005078497503 120.9580751772679
96.2032264327926 130.18956323123416
114.1120953929313 28.242984783103946
18.43960455576929 35.094963846703095
84.33905598725109 2.8115756858530183
56.39617616754506 17.146868310408674
113.52452999151905 107.16122333188932
118.39282227771324 147.96903471210732
73.39866595260939 100.17739313931301
76.5010830926306 33.4102908406655
75.18904438930618 129.98505573285834
68.04762757487903 22.469332623973965
84.88533804836521 26.336138433840826
126.64654157093946 95.69796151249831
10.420829795727816 117.80143736300221
110.17690327239634 2.7322158623549866
6.4871221243244515 12.738672195907352
120.54971332548429 37.19911743581423
19.742846252774942 61.864871434962446
128.2240205145924 149.1083080006021
55.49806443153008 63.52226399059135
118.03292240902307 96.36003408416842
65.74692350573942 83.8037113159164
112.6720334647569 55.605744715975156
65.92147026198285 40.26108779704329
69.08607590121002 120.28370040844916
19.829308935326363 40.0966385734576
58.56115216997169 15.79228791696411
109.4722614856763 97.15083170733104
14.641035413987286 5.130585009855077
49.97767275261414 146.88322857044864
53.864002528361574 128.10290128872234
131.26290116084633 140.09386882791392
108.95188426044167 45.03571414908915
57.828291800871064 111.25668029433744
116.7119685222264 17.966463776556886
116.65212744594695 37.13897117428457
28.124768456954296 72.08911157417765
105.70495213113338 26.883513492738654
79.64205313489937 47.19041898803112
112.6971779078834 112.72786404249221
113.76101417001122 15.487264917346682
41.51051665515207 82.01606106470115
28.537736396191477 50.490103799383654
47.99604079229904 105.18440713817053
91.12921130566717 82.5014309418236
77.5122138122357 21.295264576582912
30.44867986706141 15.862145511120683
62.32712235852014 94.96490089976072
1.637981160972618 99.35391122109061
143.7084651394443 145.663018901342
69.20515901544744 60.692750246358564
121.69788066681622 110.54721618712368
98.2664864200548 59.636964850147926
56.982809676032986 17.769773971373542
112.56632105983388 53.918134468908605
20.638193574210806 4.2505941925232325
113.03673747392949 87.17641424397341
127.15634208597116 73.78433046846527
96.95721208215816 128.94408215986326
26.724752510004908 138.09070556491596
62.89412168490448 44.78890303006874
96.10436635719239 139.94662950161066
95.31158372008348 101.41750765410697
131.99605162125636 144.31252176983745
107.82150722056409 58.580971034555276
120.59196795184356 7.3447716963512715
104.67348109032761 115.19649872728618
96.02016079492464 147.46774230476507
121.76826545497215 116.42805119758793
22.697007850434364 141.0999575893666
92.18244194792356 91.51565321952896
7.919710384066525 5.8916326591002655
70.55939411060704 56.96916641261788
40.85318115074807 1.8877800452193394
145.3735163009111 64.84513315605693
50.43242215828666 78.99680598544637
69.34895598885956 85.31856149866358
53.72238096583647 0.34344559616526493
46.07928399546489 80.26203128981703
108.27980993624784 21.233950453293264
138.8594310769135 129.66660234326895
145.6443473817624 136.64271274879204
132.6783107708361 11.535301575107482
137.36808779108722 114.97715764517993
141.87889692164262 43.985642187942695
132.33592555064962 6.192200161550682
23.94254119382723 107.13227458322586
148.24192099128717 101.56284442739283
32.23167507927615 81.09714831802127
147.63593718683518 84.88959284549212
74.1855719125126 64.81305561701637
143.721763580624 108.85517114295168
24.861404722123048 136.73792896060144
101.89366468702875 77.62920629017498
5.135579119316002 140.80314505675028
78.06188025972612 9.113324242000248
69.99960369696105 54.515226313031754
39.307475250643684 36.82795906838348
17.55753754426118 58.893297124784205
20.968588157871583 131.21969630729066
117.81999704295558 43.438246401507676
143.18699439926178 77.17544415649039
18.37310973509036 101.43154912755918
25.778253535568336 108.53917065148998
135.33068436422883 106.2120591869891
87.3551174209432 32.340514411937434
45.996003516435316 73.45414439874524
85.43619882325338 142.4277590057408
29.665885772160884 21.745619470379996
105.87819981457017 128.46133745587684
81.47093230301013 90.27507370309135
33.301454236729434 116.15056251534065
63.536575247699375 32.12182340679529
38.03003523596168 18.61162949405319
142.46349991668606 147.780407424869
116.41915846148088 145.62769885180526
141.24630481656808 132.98751201771793
25.920099298214595 115.77126570381141
132.04602950605658 63.421889532019875
127.39205462454811 23.157499757068155
147.6453978454179 139.1552461614759
72.10386662347432 46.04300879597644
32.250010857610725 92.78932172565264
87.59814298857587 116.80450589561026
16.26929276321199 109.66839226032394
110.28784909341424 138.12824100749458
97.25790990798313 115.67929967975073
105.00763476237069 0.7018347823027293
47.630442646040436 51.156937424266516
148.52887739455798 78.31385055536302
57.99276890884929 129.2046478044677
30.85620305229372 148.41349848729175
78.47559206923566 9.948037475914578
67.98980981518864 37.42912610344051
4.442671670745247 135.38698020598494
99.48139069746438 37.643303522446416
142.7726063188519 0.026117987434576273
31.734638560939736 114.58767994122486
82.29889914754283 68.83143583722229
51.690128009514375 93.99404141675879
83.05540393124622 20.056199025519376
22.28190422114944 31.30195939993059
59.324333383455546 86.2133881855159
101.09881823734334 116.03744165781386
137.90893234151184 92.04722520062667
67.95480831367021 111.44574703445518
51.10934883775744 119.36696938217916
77.92046713022752 102.52042623695804
32.0679534593069 68.75506248259697
140.30827291539796 80.52613079249886
35.0818566341383 88.48793380289382
138.22452168333925 99.89328194775257
118.34589847264009 88.14915683174053
123.64776177659063 13.312821512519474
41.44351074030405 97.97855105877362
12.384069183560491 36.92211069807432
94.80957147127675 37.170069630404164
39.8569102586336 86.65868099550593
144.75204956896286 122.66983675312522
10.386299425491263 71.64362057794956
23.15553173402231 107.34204579056275
100.17754107817562 116.94709057974877
44.09366536755015 85.05168992832418
27.36947655747546 7.571300543307046
78.41399015539284 2.041479139927782
122.78954485589993 103.78432049980168
124.16875656292044 2.978091352077877
76.01410074013661 26.901344746655663
11.894707750940137 73.77289760130074
148.27846727098853 39.24442637996176
31.841560813905577 88.82636703136102
53.74390277422722 73.74801380806275
123.04872609213491 135.97468687586078
100.32425859542833 93.12959007177345
119.96832092761493 42.1202648949895
28.507135290365216 22.511506621792858
118.03158033028069 138.9616347195407
107.4215179663574 77.22609126833507
14.190638546421209 97.42059294397272
23.282028005350153 2.787782181697651
29.552847144230988 149.57893232510483
103.9487705538959 140.59182170838386
19.285727692805022 138.66725020123317
46.06437593766065 65.04049469068977
68.80235465832502 66.86270901405028
125.90237314639786 124.80960902795724
78.1772351782921 143.92197209132888
115.67638062315841 92.6581638768251
31.877175832611954 2.676755203037351
135.7435382417101 94.82658170079073
118.27201144924334 68.25214872887183
103.6478637340163 94.45977420918022
72.52695357478463 92.55621248942131
26.81554479205691 88.93129133796751
22.54203457013678 58.14276308990675
38.81128890430652 114.941097441822
128.39039792805013 65.5365006122738
115.77788926478395 20.670606205220626
44.64468132941046 3.5280374207467657
121.78881960849931 62.40247294906926
26.299600846096173 78.1890128235138
131.79059015915453 60.058793737872065
147.2113540867615 55.818639057229355
79.64173101241225 99.33091998360561
29.791064762420515 2.815583542914962
69.20901229264375 8.11349237973471
47.53115119618149 16.779587339492018
112.7556893128698 12.256446494316508
59.18875584988634 49.84824961523861
25.99273938996302 84.7465931224024
40.13039518550037 129.93432066106212
4.077909224881148 32.33129861880343
97.49630080516346 28.830516056941352
16.7202438072248 133.4208622349658
3.947718260942451 53.86358734790981
113.98192296546544 111.53940366416424
137.69693765071318 142.5779085386271
141.96612026685716 69.40097412906054
80.94797217225558 49.8419769155339
14.270401885242146 8.054230774402743
0.7615363974358247 142.75281470398778
26.540961241842563 139.07977768063978
75.3240652778807 20.220643796835745
28.913806519486148 84.64557407181714
95.9317846998661 39.5237331502862
95.17414678201861 76.73099203501235
39.9221491300341 28.990480093152836
56.90718508098936 104.81981920073787
112.70694119730845 53.39247735517218
139.32540096531565 73.97017731703073
124.1139816903536 143.74753648214073
24.71690112128667 109.17150906759694
91.50646926892952 81.6516790176401
39.437095107422806 74.83622167311081
94.94060255383854 42.47083137271334
65.44015350113081 12.777277197650555
110.16143207178173 7.8806396135261085
46.19997725274726 80.74932307374026
50.76778813294837 33.63727083030824
20.827069011017002 49.73405682385837
81.49651898710457 14.700797175426366
87.56587038639033 38.95104782817157
148.36451779761273 88.70946444694114
146.07364447390592 138.28986864125176
97.23946930423735 4.139425222911619
53.37778302571346 12.927092831136283
102.32400295535452 82.12719428125833
62.51488740917653 101.45736531373318
94.46800584402924 40.160879257358395
106.48820358799084 102.92044585168166
102.53615146110283 39.75384611788061
66.0950271303941 68.62249641737515
131.10921130078316 78.51771262521711
62.28874700102902 67.19199137799497
26.97971115413117 58.232690975461445
21.31241649450763 115.71482919353386
8.167287105805709 67.61542655196656
15.103115900562553 108.54221687337736
99.8014586141567 137.19387638381258
61.308344230589846 119.583535351198
87.0027298343157 2.412686038383133
52.01629329542615 106.79644505256411
88.44110239320125 101.4461677760474
14.604463647730242 73.5880436746178
72.85932261071098 19.100371445425314
35.57880913216765 105.43814572932612
13.395265484219381 69.76648949086471
35.56691905796763 94.47364075131574
100.8430493702633 45.50468204391856
23.026126951159004 67.59121253486973
33.641685768535204 43.21216613609568
108.11293469818614 36.85083989520719
21.4163829920544 64.00242019128727
117.58864266599852 74.11036374737385
94.08295204839553 74.79369154089646
60.98131822246158 35.649216500085856
134.70300128162657 18.726249550746026
44.83847730065023 48.001309496706064
70.19151239628867 15.994400789472273
116.81858680041411 106.71262365244094
135.48567038372929 126.18288211986462
131.84887281140152 141.40959101924767
87.65804283929133 15.361444274278579
136.0584451883247 90.73874266189382
23.218050077339118 134.70547247521066
55.176821538200876 76.04909734328395
91.79263557257121 28.76199278720368
108.58270250443648 110.75997997053553
4.628659677035158 130.10392281314455
56.53878099483652 139.69488641138906
98.16160709037658 60.95236807034735
35.850795815263304 135.89539979990923
36.219878380702525 71.06994180545327
18.875251197236782 7.958105577664138
93.65036197922706 33.25256841728176
52.78483574439213 33.715585709106236
79.59686072226529 26.512541648763033
58.28615778810047 37.10822012887757
16.578183880709783 18.94381434023761
103.2887950109499 4.6426741329907815
3.0679807810127304 129.8290228077042
15.359980326191607 113.06834326110581
31.66456326822022 82.65152632506081
95.05626940059157 16.282907817874392
86.32529860007766 99.18703336199047
120.0856373384639 34.18258315426282
61.39845780504739 57.291587872084634
99.54098742232465 102.60281339841978
8.696634396497348 113.81705471896362
136.246215683074 83.98945297254136
138.5789253491854 64.21755348322797
73.5056921935534 64.32066675368785
15.657884233054514 4.734189720204868
122.69843456525885 81.39273118800352
64.95373311690231 129.31451992677165
56.938611038124456 82.05163858204098
32.97089525281553 31.80384639958357
33.8903173312197 63.35698188801533
6.027038192768264 63.90486843931065
29.925846640689706 117.9294952915315
43.56845027356187 131.569548502698
64.36881819452854 69.54629142597487
106.2226775034531 116.53556231637347
59.162861439464436 94.76490426201943
31.1298129027385 86.8548702663553
95.60773816752334 71.372061114041
87.44998777020942 47.143837756966505
83.28844901151602 123.54252404481196
111.51699148693375 106.02343224725347
0.9309247635532314 1.8307851522002205
114.55513197572947 34.6168860142197
129.40258467874406 71.64418455556174
79.95400003863557 9.232775337555388
45.53144335951517 53.37464499582249
78.10895743462699 117.91122817386996
109.78982104559248 90.09673879585895
92.18791180402633 131.40994225675502
142.88628396308195 111.73785852546028
56.32153262059673 85.0947953215031
21.48644591321789 61.95461017131599
16.36344886941707 96.01342190030405
75.20699815978001 34.374417454709224
113.99512255901527 31.934574315443943
70.0040136645886 143.5137632392905
98.40687814016601 103.7129817138829
33.71603813693402 75.33155072824557
76.6474952013531 102.73691694199835
39.18143590083943 74.42717377420867
42.490317091357255 101.7828614936926
33.55029220415378 102.48364612765201
13.786121284234543 118.10972010805544
133.9233931569537 96.24832880782544
46.538567165997655 4.112229321751965
64.74259707957856 139.33367812074425
15.011740081759612 67.58279150808293
138.11855369477064 68.63123758321059
8.711540793347982 8.792581663616
