10 10 200
5 5 1
15 5 1
25 5 1
35 5 1
45 5 1
55 5 1
65 5 1
75 5 1
85 5 1
95 5 1
5 15 1
15 15 1
25 15 1
35 15 1
45 15 1
55 15 1
65 15 1
75 15 1
85 15 1
95 15 1
5 25 1
15 25 1
25 25 1
35 25 1
45 25 1
55 25 1
65 25 1
75 25 1
85 25 1
95 25 1
5 35 1
15 35 1
25 35 1
35 35 1
45 35 1
55 35 1
65 35 1
75 35 1
85 35 1
95 35 1
5 45 1
15 45 1
25 45 1
35 45 1
45 45 1
55 45 1
65 45 1
75 45 1
85 45 1
95 45 1
5 55 1
15 55 1
25 55 1
35 55 1
45 55 1
55 55 1
65 55 1
75 55 1
85 55 1
95 55 1
5 65 1
15 65 1
25 65 1
35 65 1
45 65 1
55 65 1
65 65 1
75 65 1
85 65 1
95 65 1
5 75 1
15 75 1
25 75 1
35 75 1
45 75 1
55 75 1
65 75 1
75 75 1
85 75 1
95 75 1
5 85 1
15 85 1
25 85 1
35 85 1
45 85 1
55 85 1
65 85 1
75 85 1
85 85 1
95 85 1
5 95 1
15 95 1
25 95 1
35 95 1
45 95 1
55 95 1
65 95 1
75 95 1
85 95 1
95 95 1
26.63543592921316 21.408697845129176
37.6678163991243 13.00314908308594
55.552760382628605 38.41699729376228
57.81661095202971 87.0169831868427
13.194323680181963 70.68053633846311
51.855073331408704 96.28858110789466
15.617311488077668 39.769814428114024
82.22068995011249 72.43227640745997
97.47119149124872 36.995002947893205
40.81754619780607 77.31114476958219
37.57556383511385 4.274336284463698
60.11359605979476 77.13274923467776
25.835417466611254 73.38940586854076
20.870494251666294 3.357779974853181
42.49986650480647 64.59671969728493
66.6423995531143 9.099661370899426
1.79767410020647 10.562774409022268
62.47480535503252 30.01015730201918
28.209828388142256 94.62643182834857
28.771220115113806 24.85018651021209
28.26882587410483 87.1541794450737
57.49037163556549 7.7449063790749335
71.24713282078768 62.9553495641751
87.12270969768545 88.45271259928104
20.522013152637708 43.58238956335687
19.939807772673714 40.0659451654939
96.72375328169113 19.462417061867153
30.492533541171074 73.30799816258887
92.24284919734801 71.36504903111171
21.241732195163156 53.477594490545414
39.74344402140002 23.397792976296707
99.035184765515 82.99549760213864
70.94506365581779 91.64762959477402
10.224938504147262 7.331381092041045
57.93821353355023 69.59205959145464
26.1977602354334 9.650420612313981
32.56361790796862 20.899031751311338
52.032045975699525 37.268818180359595
47.188435981221524 13.243290616564352
45.647916660292196 48.19136630831452
95.65203244075907 62.97727953813699
17.142348436342512 86.41552771264593
18.323385478145205 6.538768928645444
40.391207972836206 1.2951382975852632
64.05544591974112 82.60545016466966
68.49140295461086 85.28605602895891
24.431457778730604 97.59764855794916
21.664173028529433 24.726774778506055
54.171153389218716 38.54345734079872
59.730513251899154 15.2349271173028
32.71652078496091 60.23865522469086
17.345482057446148 24.262564210571114
86.67721325578641 33.64529462599937
0.901533517937525 60.173190607125406
71.32967256914165 61.868322689192034
1.6388607288474022 96.20315903622834
57.78066164756848 75.53363079346893
86.37067646874642 40.6995960030391
68.14436737766638 97.58578257227242
48.90817586690376 87.26633762070725
7.548763286907178 88.06543068151763
34.967425339340984 77.11961062054938
47.76750050341821 18.983103123366874
71.42886131610796 90.6135189074999
29.015619059165566 57.94287510379639
37.325467459778984 18.61798111835703
56.57129146018731 41.31561858958136
99.04123384653106 98.36248508451287
33.876041510135416 27.402170351694878
47.42933037476346 94.19174587117072
46.274842166467025 69.14058124096857
96.40650842602591 48.51755001353407
67.16565892377443 44.3665821428748
9.081333651458445 96.36520929116548
2.0984042107425216 68.68320887048068
63.53882599496826 8.330459889065644
3.1854541667615255 6.131980562923345
99.07393038344196 68.53906087453771
91.29713766545065 64.77158427031861
99.03405795229435 25.208838431375945
43.779307874342734 14.690714468515454
72.80224358706042 96.45729433466279
57.193560394954424 63.47974838052295
99.5763768993983 11.63270087062207
21.559142295589893 72.43161552190345
49.051083123184846 66.34702250553227
0.32054932138534387 77.77969118348341
58.54095103400182 9.157646865685532
74.50951008746515 41.30553052837623
56.679752480309176 96.2429290626274
25.627813384723307 57.518345828425154
68.89998622265743 29.036143073985155
15.563032430999934 11.154676975952016
91.0879862641439 6.848636373748596
98.8945380386976 85.79074623942986
4.1334508389598845 34.605241275172546
88.9077396544658 28.923027669157964
38.678878205628365 29.28271271756038
20.426130517651643 51.73305406400359
93.681324447689 53.62937924008543
79.57336982535368 74.71853767388862
78.4717863576751 83.08240390062878
26.71629993251303 68.9869402032812
23.88052102388628 11.700998995390222
19.07114552435821 39.44465746330034
99.06250601847478 32.543445724274356
58.480409353316944 36.93566964410143
88.25007849255002 67.78623810569536
64.65330819675155 33.27358562432459
55.52279693388938 95.97009625084888
95.59769766206419 8.438000171800851
76.964897157103 79.57887702483148
66.292814863985 81.71153560529721
97.70520064160684 99.53152588239294
3.1176466125279134 34.29781530387959
14.163247003342894 63.73601141808321
52.61273491005187 72.22526783671194
52.29451506370931 10.14089588434407
61.31181814039458 38.43801203564917
74.46159624408197 51.271887650061174
13.01951298826739 51.31578145613691
14.531093071460932 26.749078682217377
68.42500302762298 38.45381958260214
51.73789829320153 47.91013617128289
46.07552596266464 26.29913813484811
7.027392212163286 16.251782555683103
68.617543682551 13.703419334550038
96.10964647211505 37.63246535115602
97.34874268836388 74.1307277792389
17.004353967061448 44.075955238799565
59.20552073952764 11.193498180507566
94.58195896505677 16.55626498718763
5.582907911216683 35.36194985093398
51.497534763217104 85.0447971151894
89.80486588987327 60.11180058847484
71.43388348909333 1.878071156603045
97.65781356269342 84.40563199240917
86.02657401088456 37.601942441808234
20.324964146492352 83.44159802582458
11.794746409807155 30.771320191110163
51.53987294954197 69.44131333784581
94.18896810860858 20.558191496264943
22.717986952369262 13.82761067914685
36.57534155606158 51.98649902966983
13.592623119919589 66.80973590280352
64.17138932258013 25.13483619750455
95.77792045259463 22.025248747245328
37.889954583545396 85.61356657534672
93.59126797719209 80.9681964080447
2.1648197424722793 43.42197481003639
38.04483505113576 63.82053449756295
95.75764492606035 93.9684083231425
73.02346496345302 42.56890190872071
11.830833938150697 46.46013402790787
86.7912199313765 92.50606318004955
54.21879220497223 74.35450933272399
28.54248415116345 31.445805302232877
29.932796609688484 57.34290918753386
26.01653380302713 12.67101567247597
97.28991616392399 50.508887108546254
41.74875560719913 1.5600428985591552
47.83330363386097 71.58271607032133
77.06311562924925 66.9541127393419
77.70398801867593 23.07213906543484
0.4679037274041953 59.214418708249774
81.13008585650482 94.80821394506899
34.135319732371414 51.39733732976743
25.08075010036045 30.754669806859425
99.04367451714036 67.21306236384451
43.043965599569134 16.70183669244818
2.216631737111663 82.13897306546012
23.726009061768526 22.35015458991296
82.91464278753018 4.742846388296873
88.18622312591718 12.461117183660264
28.81870585958819 5.7413881780559395
41.6958167971112 12.629283688436821
42.580007446671765 94.71000294280024
35.12705603439008 32.07986223872417
40.09611655662457 11.507891591401576
40.49489654509121 5.408196424625289
97.55809683906953 75.44926893343799
42.55290701358068 35.65034894272443
95.66358195483066 47.751673505723105
72.55676204358069 35.244858639974375
53.99204204911208 22.002327954557266
25.90192141582722 57.87595495311032
11.655868440500072 58.93815558461554
41.989183473944856 86.49323405959241
30.666552246074595 42.383135609845205
58.239875044297065 77.74962992257834
12.070564222008407 73.56662536573386
36.799548169297616 51.87934629961172
7.492217692581171 68.20550618667447
10.02569588705109 2.1386792388432885
46.82581051787277 68.34594261003818
80.6951670786509 57.942495231532135
97.38082218502993 79.36473704552165
74.24968788666862 84.20191808381286
8.596292023649143 57.03574807006817
63.01701740043847 84.23936200498024
