20 20 500
3 3 1
10 3 1
17 3 1
24 3 1
31 3 1
38 3 1
45 3 1
52 3 1
59 3 1
66 3 1
73 3 1
80 3 1
87 3 1
94 3 1
101 3 1
108 3 1
115 3 1
122 3 1
129 3 1
136 3 1
3 10 1
10 10 1
17 10 1
24 10 1
31 10 1
38 10 1
45 10 1
52 10 1
59 10 1
66 10 1
73 10 1
80 10 1
87 10 1
94 10 1
101 10 1
108 10 1
115 10 1
122 10 1
129 10 1
136 10 1
3 17 1
10 17 1
17 17 1
24 17 1
31 17 1
38 17 1
45 17 1
52 17 1
59 17 1
66 17 1
73 17 1
80 17 1
87 17 1
94 17 1
101 17 1
108 17 1
115 17 1
122 17 1
129 17 1
136 17 1
3 24 1
10 24 1
17 24 1
24 24 1
31 24 1
38 24 1
45 24 1
52 24 1
59 24 1
66 24 1
73 24 1
80 24 1
87 24 1
94 24 1
101 24 1
108 24 1
115 24 1
122 24 1
129 24 1
136 24 1
3 31 1
10 31 1
17 31 1
24 31 1
31 31 1
38 31 1
45 31 1
52 31 1
59 31 1
66 31 1
73 31 1
80 31 1
87 31 1
94 31 1
101 31 1
108 31 1
115 31 1
122 31 1
129 31 1
136 31 1
3 38 1
10 38 1
17 38 1
24 38 1
31 38 1
38 38 1
45 38 1
52 38 1
59 38 1
66 38 1
73 38 1
80 38 1
87 38 1
94 38 1
101 38 1
108 38 1
115 38 1
122 38 1
129 38 1
136 38 1
3 45 1
10 45 1
17 45 1
24 45 1
31 45 1
38 45 1
45 45 1
52 45 1
59 45 1
66 45 1
73 45 1
80 45 1
87 45 1
94 45 1
101 45 1
108 45 1
115 45 1
122 45 1
129 45 1
136 45 1
3 52 1
10 52 1
17 52 1
24 52 1
31 52 1
38 52 1
45 52 1
52 52 1
59 52 1
66 52 1
73 52 1
80 52 1
87 52 1
94 52 1
101 52 1
108 52 1
115 52 1
122 52 1
129 52 1
136 52 1
3 59 1
10 59 1
17 59 1
24 59 1
31 59 1
38 59 1
45 59 1
52 59 1
59 59 1
66 59 1
73 59 1
80 59 1
87 59 1
94 59 1
101 59 1
108 59 1
115 59 1
122 59 1
129 59 1
136 59 1
3 66 1
10 66 1
17 66 1
24 66 1
31 66 1
38 66 1
45 66 1
52 66 1
59 66 1
66 66 1
73 66 1
80 66 1
87 66 1
94 66 1
101 66 1
108 66 1
115 66 1
122 66 1
129 66 1
136 66 1
3 73 1
10 73 1
17 73 1
24 73 1
31 73 1
38 73 1
45 73 1
52 73 1
59 73 1
66 73 1
73 73 1
80 73 1
87 73 1
94 73 1
101 73 1
108 73 1
115 73 1
122 73 1
129 73 1
136 73 1
3 80 1
10 80 1
17 80 1
24 80 1
31 80 1
38 80 1
45 80 1
52 80 1
59 80 1
66 80 1
73 80 1
80 80 1
87 80 1
94 80 1
101 80 1
108 80 1
115 80 1
122 80 1
129 80 1
136 80 1
3 87 1
10 87 1
17 87 1
24 87 1
31 87 1
38 87 1
45 87 1
52 87 1
59 87 1
66 87 1
73 87 1
80 87 1
87 87 1
94 87 1
101 87 1
108 87 1
115 87 1
122 87 1
129 87 1
136 87 1
3 94 1
10 94 1
17 94 1
24 94 1
31 94 1
38 94 1
45 94 1
52 94 1
59 94 1
66 94 1
73 94 1
80 94 1
87 94 1
94 94 1
101 94 1
108 94 1
115 94 1
122 94 1
129 94 1
136 94 1
3 101 1
10 101 1
17 101 1
24 101 1
31 101 1
38 101 1
45 101 1
52 101 1
59 101 1
66 101 1
73 101 1
80 101 1
87 101 1
94 101 1
101 101 1
108 101 1
115 101 1
122 101 1
129 101 1
136 101 1
3 108 1
10 108 1
17 108 1
24 108 1
31 108 1
38 108 1
45 108 1
52 108 1
59 108 1
66 108 1
73 108 1
80 108 1
87 108 1
94 108 1
101 108 1
108 108 1
115 108 1
122 108 1
129 108 1
136 108 1
3 115 1
10 115 1
17 115 1
24 115 1
31 115 1
38 115 1
45 115 1
52 115 1
59 115 1
66 115 1
73 115 1
80 115 1
87 115 1
94 115 1
101 115 1
108 115 1
115 115 1
122 115 1
129 115 1
136 115 1
3 122 1
10 122 1
17 122 1
24 122 1
31 122 1
38 122 1
45 122 1
52 122 1
59 122 1
66 122 1
73 122 1
80 122 1
87 122 1
94 122 1
101 122 1
108 122 1
115 122 1
122 122 1
129 122 1
136 122 1
3 129 1
10 129 1
17 129 1
24 129 1
31 129 1
38 129 1
45 129 1
52 129 1
59 129 1
66 129 1
73 129 1
80 129 1
87 129 1
94 129 1
101 129 1
108 129 1
115 129 1
122 129 1
129 129 1
136 129 1
3 136 1
10 136 1
17 136 1
24 136 1
31 136 1
38 136 1
45 136 1
52 136 1
59 136 1
66 136 1
73 136 1
80 136 1
87 136 1
94 136 1
101 136 1
108 136 1
115 136 1
122 136 1
129 136 1
136 136 1
114.31768237859569 91.7624478731694
25.88859104273247 56.87005409670262
45.645584503954126 13.491013478637592
79.37123735106196 47.421266597207904
32.47736455723012 107.96919644712878
5.355613202290605 140.18649566427922
44.607325675697574 5.2824701781733925
125.12303357187213 72.12345740915386
81.28498635156784 54.429319437268084
90.93228886858024 13.002277330066258
103.84524698243328 116.25236892953288
97.55008925796015 112.83080997854182
54.00242868868478 112.03276112870941
14.0055324907507 92.56225086718577
35.586753515111376 112.51760052749826
3.39489368233582 53.05814761242767
115.57380773985287 124.67478871345125
148.41409975505147 29.762979643299865
33.20580359325383 48.00617589494226
128.40769360143324 96.30524817028459
93.87646886047177 33.85466016019149
147.04458276759672 30.077718909201984
8.89784397745329 129.14463157107278
113.05162324414847 141.11614127734464
55.97378767442785 100.22982408077516
95.16695218236174 78.5102449139918
95.82006394147169 92.83560594191923
110.59320434318553 17.750473418290095
139.6731395001765 66.47999690297668
132.9319093832759 142.28300879244173
98.24582811655364 35.71096546658703
54.859872782616556 5.276436787366184
124.50537463129263 117.28403697574518
13.291587624244938 100.30593749643063
50.60848995694554 16.04053819537676
76.20056218944403 82.8675660124761
34.06288058662083 3.2835479525060274
148.77127444820786 145.56269351580158
4.887150802022877 27.682440866059686
75.74772607310818 92.41474552887514
103.81161403861256 70.80558620387413
147.59030766675372 48.59618376775483
17.032395860432352 20.14570937245089
122.94899843059963 43.92352789090558
11.956160463060794 124.7496582171796
77.13666855819453 59.53483407573821
62.632428969285684 77.94238708232837
132.17413220927236 92.45299560256295
107.74438064655835 66.9009302263428
73.50749103602308 64.55231933837237
58.46716874297454 70.01828226455663
28.001673621534874 49.101334126081284
87.58511127708245 12.569538535289004
76.65359810368908 124.00067950524955
67.2033361697468 57.584681297313246
141.09151658637018 82.455346845221
140.17488569152414 98.08689541742419
46.60128092815098 37.66494391909706
83.00660061101458 124.78770836726257
126.48950745567612 78.88308811970998
98.80461112355805 149.81313422331743
105.83904229092589 16.85884585917045
113.07557724986597 81.95048135873881
75.67932950933358 49.93075288481692
143.7990134060869 14.2246503983731
95.62591376299521 53.896773813641694
4.52427258797562 1.681799187985128
38.91138562153344 96.165158407164
81.05873126918361 118.42099050728109
129.23469314626044 109.74310149626439
113.58033673414315 29.18169133524071
12.98317044787905 66.33194086511155
134.73560917658548 48.87935572981696
51.77165946733721 101.2525020333876
140.15716517511112 44.975891915821705
79.30401111778171 71.56803458488871
94.77828190938983 81.27718152948337
89.14027512154047 107.3951816632613
149.50189688363898 68.857239978669
50.43935767082439 96.0742764354157
108.57002138615306 23.20539168938815
102.35070376352714 71.3283677502777
52.347888245548305 19.7657049519316
123.31225255882413 64.26793757882226
121.88059704520496 50.69140350173073
145.14133768969825 125.4441339072539
1.3142860198519013 126.8065359028109
118.63189816046938 139.21115312896052
120.32573578100566 125.25692103727826
125.68352038698244 126.50121951745484
128.87079341618607 95.3374118050255
10.269326563405878 114.81233850542277
121.79487130998452 128.71920941406268
42.28036177908619 142.05814732335642
142.45399419794026 109.8127862398803
8.769097971085321 76.99767408975194
18.864472713837138 107.29452953027136
115.52563316928995 91.9880055562733
73.46796460777342 134.89265048629488
57.46445542575781 106.73727143872203
53.04943145667897 83.06718267892633
11.460394152737969 17.38275853272538
97.60486341706034 0.25808822049108726
100.86196263897345 65.34344091206593
144.0919870666406 71.27965602244215
53.32449639158512 117.89119462237663
61.345871282885675 139.65347052734901
141.98471071684125 43.34781341356429
16.36195225273382 15.035166269646577
108.49424232688408 60.46997521170692
70.21109732749139 9.79185404015997
103.36232456784002 8.453632896705814
93.9557103299873 19.25136374103586
17.608864961231085 73.2644180856141
14.823172315125872 11.733814895872458
7.1529263242265 21.50910214324202
57.16191438400718 51.17172647161225
76.76363578903756 91.4136452733199
40.06451195707428 17.820619773385616
31.070278792320256 41.889334516165825
102.6580116698422 37.30792486755251
7.309620274272199 94.97287068233719
102.38940378904353 148.60815222677095
34.377682856419966 2.3227915838723243
108.45603213802764 141.95782156696723
70.9821331608344 21.35119344318772
66.0203642912102 20.656337858271456
98.36718264524121 124.84030374174624
132.69418005977207 90.14424313665745
127.44947709565668 99.57352452019735
87.59403225040623 8.214073783895298
113.06601730797733 44.895553729810885
88.73041360261807 38.00381776966325
84.90232582377209 79.56654292347211
59.136390069376624 67.11732212106483
3.309113389193147 106.24107618627683
103.7593574703677 63.927233706023436
93.29949796235236 99.81704649360788
48.291532760603815 10.698257766386742
1.5488813225522036 120.5736779391096
89.80636604862971 58.65547186171104
42.76420141621837 2.269583529656205
46.49045013167328 15.73727387229164
117.44107647002957 71.92717542973911
146.80087191248003 109.69850770222855
53.28464992048333 112.175373962236
36.64427176840314 14.991696246056513
121.64117847814427 8.513331131937985
106.68497520104128 48.30649808948001
45.39897212653782 8.932122555477129
15.322361287442238 116.96609809749168
71.88620282235799 130.23244115068417
74.06202642194508 77.9954093049985
68.1865066572463 23.74617309742217
38.56307554874506 6.028502989821649
6.137301587849731 67.92768025321578
144.51559012716075 77.38867259656053
109.29193645360009 23.825298659236832
48.39402469123395 68.11323250168981
104.15601758774127 47.80952697128809
83.02595441515776 78.50800222894729
99.34007959930298 45.389092568513774
92.64042330350314 33.88588195265819
43.72749251037876 142.68576276603895
33.370002581729636 76.04789596402468
5.421944112735899 9.305184488756646
25.355336872359295 32.176398757350185
11.208417495940736 136.0180206490214
48.4511951591516 21.678177589753417
55.56203299933774 86.31245708552366
69.03635249956851 104.88370687489424
124.0751340222295 11.018097065711075
101.75216065904925 3.5041854623907853
134.8352416011726 90.96792033797276
18.175766044554052 82.36434614568543
7.6124060682846215 87.85208091359333
134.57227477254654 99.68934668407202
35.34558338675636 47.13075692712282
28.417598746038447 91.40105833481813
19.233002424269653 77.5862016005451
102.67990583357559 22.495638621105186
74.34275592230085 11.997792999056262
92.33860457469937 43.74501792158391
23.06460614248444 44.61935001231139
122.12255537019351 55.26624003127784
127.97273322249937 32.81318554297617
105.9947684257377 15.820843636116905
96.55721948136777 124.81583969867957
34.9100178857956 115.83025393082232
6.978170266269451 20.882284186173404
106.782623428129 11.915531569009962
86.25189496208021 80.26842320174927
95.42465820680836 117.83486523438383
85.27432995991597 109.02848902944183
20.502853085009185 19.329035833560848
55.179641919923476 46.28507433826712
22.992208171383695 137.5826302596729
43.573011036830714 3.7251860353911317
79.59620299732973 130.51859325801652
121.339263357659 65.22049381172721
13.916370250985178 43.277399842345076
58.62798436090619 0.6660092727564959
25.718786280850697 8.63357299098571
68.72373862729214 35.77341748984076
60.59731073979391 107.52218177217985
70.45213852272845 136.84073022675503
60.47708480455669 137.81427696061183
104.18708658357085 136.91567802744223
63.0308571042456 121.50267260778615
57.33056963155765 133.71706109513266
75.38944345534419 6.341036514157023
64.06120815089534 40.465854194803164
10.56871587635918 92.74240351154752
102.4215930881834 22.98939625360109
4.42795871001655 109.24183952580455
52.139345695199 115.08590470830413
40.98432065419299 145.42281774573487
141.86170730567753 104.19620508904623
51.088332959128074 143.32006741770095
139.4555834112971 98.00423177058464
105.38385193078909 47.55537016970571
120.11945782877113 79.08578852243305
0.6758846778898209 127.0713109912597
95.93892100429568 78.04794041500026
70.28057947781997 134.67324354137722
64.23685972456846 54.53345650224986
95.30071632833474 118.59799274134309
53.23067622688247 87.07281395713264
121.99369818536556 68.94303137032377
63.54130649256338 26.40710778257342
51.317686607168994 85.72859304879138
8.075689091624788 30.232215443954125
29.176659305488496 65.90037052560317
149.0741576962666 27.657422142811487
57.058263063772515 92.11600068773164
84.24173258107479 132.4700135535806
28.52282667392948 126.92796046786076
141.3922686355129 13.4239990181242
100.53248485752242 120.21407235279575
118.30350062953842 101.92581940296198
12.310280216537933 82.64169106693117
111.25430786527201 35.7290943443137
82.07008940463143 14.14764391127672
18.845057929045915 59.220873091285576
89.71334902459222 88.9626202672835
118.42508353019308 41.6703238607987
91.357368353577 25.04380924389009
30.912634870252308 103.00514905536468
76.08085994594835 74.03553273150206
148.39030839094843 103.412133320549
68.86989289871114 87.13246476436028
29.989907729053613 109.54782471395897
38.12872664555085 49.55162703756127
101.99893947960213 9.094224226292724
95.13526887795325 59.40032456946939
28.98343932348067 112.7340303275134
15.379214309960776 50.85577543881277
29.830676741489974 44.734114268675384
84.23177599922786 12.97602126955068
46.72567542553302 53.01800774678384
106.70064708424631 76.71217524880316
15.898849351996253 138.14898932105382
74.4461151484797 88.53573989856193
136.8894312654664 140.9660696109859
29.397702774794066 58.09079352410153
61.29716768674744 37.26915040848264
3.79095189293594 51.00741375217956
38.56168685641775 127.01396584069313
148.4022453538001 4.360436974504317
56.718405848869644 40.39085199486184
20.83337055420551 15.340465282167054
38.968148624143836 6.341028754841183
96.98514671673428 149.73179919277817
32.13925749214631 118.57588096145543
11.671389348601297 54.02299281513721
81.7051717982709 139.43374666961407
89.36413101370934 32.08288510447539
29.12451898886898 100.9836967255492
95.24892564692486 108.23101713736574
56.15533313557549 110.9865051152509
80.36306817359699 120.70172061044904
19.44491291410278 58.867675685819385
139.55467056686993 108.24081457714229
138.4566242347814 108.49245046823995
141.85800719591046 88.83859878679809
17.58450150884939 111.39367496409089
49.08082169913486 16.594862117572447
21.282559865453383 30.094742079821184
68.54929503623714 147.66959869241558
85.39879942731433 132.7389538158254
44.951054753374386 71.86664186837629
67.55542096798243 141.39998035181887
121.83543569838264 47.2507467146351
86.02779281941109 37.79929269769281
127.98453143054884 140.63498746667753
83.8021382040227 149.2104983853801
6.17828300900895 110.17026436953402
74.81305795542333 48.73526556245167
115.70300817546429 52.756468134199196
93.84391621151718 121.78833126913865
30.08147826144266 60.91519793350093
9.753714238089167 64.69060935294195
75.44515368734308 50.1458151156042
121.89685958475555 63.61434009542585
109.86164279432131 2.1813824909342916
139.17473919503925 109.60269582860641
70.38576773759615 79.80200369264887
78.62861495511589 86.23859190847689
52.246967393672136 38.166147904560496
122.20768501871173 141.6573494735738
5.048009533391823 39.24651290201864
5.059364967229307 129.1530808222301
66.79444196875093 135.56622105875897
92.98614454380584 54.402410877643774
99.66844685360064 5.900729957907752
120.76308106180984 21.47166747315705
120.49759703291522 136.5808554433833
48.4953697316316 48.88128133058951
15.810955470268661 69.75714918884094
36.228604579814004 104.63236896321035
75.66267317672235 5.787958452736253
108.11846097992756 62.72206294335984
59.05526028784836 7.379901828721913
7.631226518001038 13.479702341805023
46.66276291094291 105.03326255255637
130.65078897073312 62.504355900983185
45.224232035841716 22.924299785342384
17.01091954420564 44.650567333075166
7.238642201717576 111.3308125381694
55.51827227960681 85.33463866941254
5.041397476177906 52.46633750461553
18.99718479283249 117.90369130432032
18.82389504734147 107.69720377523377
27.637692892617316 138.59373039790867
29.609008974482272 58.36912340977649
148.8787945992746 36.88211752176102
33.98984055910077 134.06591915157554
55.76969610788911 10.271787785871112
126.80220415321956 129.6913509927775
135.59619184744906 26.01580110691004
49.58955865138338 132.17777427230058
24.969950009844183 69.37495189607988
88.88234167238755 36.00298861590322
115.457262370078 60.857566638194506
27.003493662084438 44.83238110008178
132.89474348219275 118.71316368421802
122.89785310856084 24.70236248291166
64.7918277315284 11.84284820826958
52.127503053047036 61.142305285137724
119.80310113546719 62.45982292056571
87.6435433918265 84.62162061298625
116.17477203266903 43.24909247227156
109.92931223066908 116.10908141270552
80.39012982837002 131.32933325444387
2.725964471562181 0.9644433823511045
85.71334994444456 20.383520604510473
92.65813401797358 67.82737036767726
149.54987844485507 124.85021918429612
104.995860377204 121.73335962745335
40.71826392054385 21.412500184805094
115.54270209847606 60.55021031549798
147.62687151745726 51.67553594343605
102.48641828807273 67.32852766875031
10.323509589128193 141.8298342475719
46.39667021011118 20.88332150769425
30.406799059416173 103.22163636915863
9.603677266853078 86.63795854848796
87.58671509893057 112.88207514122415
122.31036461838022 1.144586502942463
103.79535297568862 23.98766043228821
120.91572785129131 58.973481166475665
120.75517111032369 23.006287770153943
141.76588908925757 107.70327169705752
97.43376196545655 138.73133726970767
39.43141275958133 44.61179722646163
136.68584546652517 22.13716736693327
29.935600081975146 10.511339784581287
40.34125944902935 116.99314889122289
131.15451924981804 109.3206240990629
118.08323747036566 115.71324684727254
73.58676107515276 10.134985250816975
49.09647419794592 81.97266299552606
103.5806337913888 123.59246283037885
7.984881356395729 48.11098808129806
66.0467141187029 37.26918716555196
144.0494100793174 29.56220075281411
37.432983534486624 102.83314581877538
60.93533811078259 26.08006259241551
2.209666074047684 66.9669492852221
95.49170571825691 147.04002796653438
24.17276563984211 123.47170557461065
6.039828938754849 134.5301605201019
3.2656421846940287 123.39916982538341
138.71751332948085 66.3362715786496
50.15940355018878 115.37821589289533
62.673403605474206 41.0006185081371
135.67577237730666 38.96645534477333
130.32501992070513 95.33016183605007
68.8176822093929 148.82977759820247
96.52388181512379 116.31442240015674
2.4291702138225126 118.6790841923279
2.696347008145694 113.36345079114358
43.422970962614436 126.88279522477153
105.40772188532314 102.88743053289815
82.55627476474827 6.5031384368130665
89.33724995202851 134.28430432654915
105.59100232563249 110.46767563244477
124.9874997911211 8.201178832408518
81.1000558451706 43.589844755376525
4.912157842215903 143.50953771501776
41.7821732771519 62.39863603871142
134.32499985001616 113.4184851514234
46.44242997618983 26.942164704461913
12.469474791681506 128.670487661903
103.68811086294664 26.458594710959716
126.12727746947171 22.969736725813718
135.14671985077797 148.43932760927024
124.75827997746052 63.24035346784927
2.7138943860825657 135.36829199044854
62.5698611451181 80.89326448448953
39.57319485281724 0.8940324441856662
130.39455940612942 13.41288307096482
7.161415266459054 94.05949922002564
47.26226616630678 37.69611333211398
15.082792506386234 80.66217113061167
71.10179514872037 89.39001317619523
122.64446752053252 111.88857555875953
79.71698000313864 71.71495585026886
72.54993731713829 146.46549809218942
91.96582988748685 60.343142509079705
95.74330268119489 39.240324926600266
105.26342203901926 18.709641524829273
60.40199465639616 149.5394123230076
13.582854471894922 72.83260449926368
57.23643705957588 7.959088789196544
102.47072812343936 28.99515733845372
30.380183919628863 123.37629388811744
119.9025055545208 56.70876641619375
27.035496375183776 14.898037823999676
54.810109528999995 8.460396425311744
116.95698562648114 70.8608577989347
35.67461916979551 128.29621761318631
145.7045837169557 117.43290256069393
80.27304550105322 37.489030038039104
114.61145092711581 97.4312322989962
70.5952072854978 90.60505521035635
17.0187397756908 38.57555354175708
143.86794411476268 72.53402603544917
25.176434026595746 14.481564945264996
40.208572113663884 49.13813219424023
73.52234110218176 22.629677154780147
138.76286515534403 138.81900134560436
136.399622986154 31.82079687832402
113.80325436595956 145.10482924353227
132.18204338273054 3.0181522241140843
95.10614752485981 80.25930246738297
127.15209338464074 12.835108459355633
137.4445524513856 45.560813174644046
130.5390319363956 85.92602085227604
80.49176445029042 91.60689479137645
17.239754842400163 29.75224276159526
9.24176905052272 73.30134335614659
75.90824630748097 129.51723310768753
140.16493693189798 121.20623753151565
74.16141158168355 97.61940281021094
27.804530959402623 76.49403571088868
98.24633607626409 120.9615336879672
101.45906642361999 31.41820544774469
85.34901000909348 146.66575285759353
102.77773306442498 149.59613271234483
39.74060832618741 113.27936595581075
32.832811651899966 93.04507313387991
132.02803878364375 116.752504917998
92.54459819606295 116.00188781158312
53.6050101345972 124.2320179809756
32.81625387817556 32.33274441598504
44.50064321327535 24.700400523199683
130.94958042630725 102.16731303904135
18.963694513716916 93.01497004324439
68.5932630860795 8.24034547921691
40.96193068443859 71.6572528823374
32.03330663178996 67.63026943367878
3.01438096564714 116.45549736868712
1.6455959686009047 5.663791915029515
14.264204067877584 43.242803226030404
148.38860913997456 78.42745827023167
78.57278617523043 6.6453344664097695
80.52862574548584 80.8842366543027
30.24925826414606 0.9684719344881687
140.3730583272493 104.55165493250048
96.45352726779608 2.715142043230262
5.322663091647484 49.51020366004341
68.16509752930598 108.1624253996185
100.07539483537613 36.08121282482208
84.67575802955601 131.20359253233354
121.00553805217659 115.45894741913719
67.56247980722016 58.5917827192503
102.73700490833781 55.277509930950785
110.0030711198795 29.154996771934837
118.23324814620791 109.27107146217213
