10 10 200
5 5 1
15 5 1
25 5 1
35 5 1
45 5 1
55 5 1
65 5 1
75 5 1
85 5 1
95 5 1
5 15 1
15 15 1
25 15 1
35 15 1
45 15 1
55 15 1
65 15 1
75 15 1
85 15 1
95 15 1
5 25 1
15 25 1
25 25 1
35 25 1
45 25 1
55 25 1
65 25 1
75 25 1
85 25 1
95 25 1
5 35 1
15 35 1
25 35 1
35 35 1
45 35 1
55 35 1
65 35 1
75 35 1
85 35 1
95 35 1
5 45 1
15 45 1
25 45 1
35 45 1
45 45 1
55 45 1
65 45 1
75 45 1
85 45 1
95 45 1
5 55 1
15 55 1
25 55 1
35 55 1
45 55 1
55 55 1
65 55 1
75 55 1
85 55 1
95 55 1
5 65 1
15 65 1
25 65 1
35 65 1
45 65 1
55 65 1
65 65 1
75 65 1
85 65 1
95 65 1
5 75 1
15 75 1
25 75 1
35 75 1
45 75 1
55 75 1
65 75 1
75 75 1
85 75 1
95 75 1
5 85 1
15 85 1
25 85 1
35 85 1
45 85 1
55 85 1
65 85 1
75 85 1
85 85 1
95 85 1
5 95 1
15 95 1
25 95 1
35 95 1
45 95 1
55 95 1
65 95 1
75 95 1
85 95 1
95 95 1
59.43106155295161 74.47531559492879
41.47909866436754 0.1543202486152473
11.46547865403723 17.176580704315402
62.54287070097462 76.6963122673607
82.64476516304448 78.22370268524797
11.287071264776804 61.64333507725258
0.14939502696958984 13.91163615194807
52.12379109715302 31.943931648406743
31.83594413770674 17.52953773818683
16.27923531168397 18.976585607937345
37.44462544488613 44.08463707575099
86.45642254566248 13.874616301431397
93.13813910160195 43.683715849997654
7.7539418831501505 46.002743592713315
9.049242004684377 93.16177893704578
85.8246971710658 56.527715673205655
18.191131105046964 25.885716666893288
57.6419806019248 43.51115398134186
65.51859866457684 53.94063249029044
23.990002818421285 48.96411028501698
26.654225431877908 68.58318269832621
55.08678047509533 89.29456986886319
43.35553860916887 13.885497619476439
84.99449924966217 34.801661226304326
18.72276861550678 50.928257776861685
23.73672721296547 32.493789471776616
58.863513293781466 84.11795866770294
12.20658236366745 73.41209232213029
83.73224085297326 58.41629123455311
81.23364831724035 66.95436022452886
17.730271857821734 59.827951656802206
51.28635367145542 20.79243977282459
31.299262312960074 49.9893904461005
32.91369574623214 21.572993005979036
10.27885632411094 85.12502679540816
7.316289604701276 95.30158242404977
10.242156539568114 96.7506717909146
52.22373100073504 29.661805633666205
22.548645457725 28.681717713633816
22.314556453241664 56.07976517786917
15.741365166308153 18.584293476637647
35.20504729109199 50.30519175359075
63.152307294831964 62.33222645096823
83.24851540619277 52.47468477004581
35.84864341714567 17.903924265559567
15.70854321498757 71.30068764729226
24.947794553971782 4.834902316270773
75.93854928589697 98.94217348402438
3.982032107692568 57.677422100081685
8.923198295122692 55.51437957593897
25.60609276966349 77.19714998825656
4.696914581504719 27.11287551841387
76.3208898746397 29.529176196480833
80.59443535304965 15.919794636264761
51.400353527232824 30.975077568446086
41.01742639812185 38.796472296971565
42.407226493761705 5.153064075104618
68.60985299599831 94.37429362565696
78.23862947168585 41.96353131863925
24.202996548026622 35.346901545186974
45.711401909330085 27.277520728445715
76.18264179995029 69.05924154788376
29.010493799502335 97.81913338442298
30.419197443606027 70.23115377531217
51.34799669627493 69.89349510333378
25.330480568913003 29.414347638094583
32.3535969078938 98.81482698237394
89.56806000673465 71.57557520546156
30.26446868506535 89.53666647778199
34.742578455896066 97.41385837213562
25.66573334590495 51.95087337720157
74.63184761046163 61.220765287720205
52.304844300079786 92.86429999389254
35.08828487253849 87.08160882044167
52.672026886355724 91.91418397227488
6.9723472267491315 59.69135334786778
39.47329620324487 33.56516716517789
68.31228725481209 85.41604427285179
52.46769247048388 80.9020328393053
50.94353337218804 7.384572244744481
41.22797564319774 94.00831469190678
4.758380467433854 72.858306602785
87.89354161880384 54.67247726241267
74.293760037659 56.55944091043374
83.19623749989648 7.354567583370885
68.3303045848669 76.57283776644582
85.07066035234114 13.691702096708823
63.343372694827984 19.35916606628547
43.49282699702823 64.63230700443413
98.83806980632386 40.5339772490999
48.18919366052388 99.70922625858847
84.36320173826878 66.76203344932411
43.42267597795894 84.64645330780446
20.485486764742532 59.04142916087527
24.438638514794462 12.645929046448678
27.575817084361187 80.84029319437659
45.24744124468169 38.037342012012445
59.60463451887288 89.06086703940926
49.86879617725943 81.01359126808462
21.357526923553582 82.11323581076242
52.128134662011504 29.74464257718621
12.486706114129042 38.467481625622646
62.51332381034131 28.32649268220798
73.79607472119557 86.06369245165124
67.91770629074013 55.87845293649556
42.75205862515268 16.641664167134717
44.354900363905756 16.8964504636955
6.510205366564447 51.705643958130274
17.419881361042844 96.53500776755709
75.82425380082528 20.652658073689867
14.325980074613598 36.43843271867141
27.12362581286506 52.77961314787735
97.12194228372931 48.43544640279828
67.21431523433428 64.05839511867279
12.575352663804518 41.41299978913936
99.30855002622594 67.7995796693129
93.77781546700238 44.89495358561923
85.70765023633868 84.55243405632235
48.06335488827101 79.87087061507893
41.701654166771654 25.972172820536787
35.22180566558608 4.860256666753838
10.380099391911223 24.64304864418215
37.98321686374921 61.31097978840957
48.902833795773006 25.42897828929569
60.38668351355846 25.506058012826905
16.41986429381257 69.60145325569744
93.82163947396322 62.2053770966758
69.69817490263218 35.21592057777953
0.6330342264092903 29.39929699584184
97.05737161244822 93.71115968854535
10.83140105836977 8.209787458548501
68.01228990118705 18.79617911085957
29.647845277275508 23.132946962979705
15.169407694657156 4.080140771749208
48.48269018087935 0.8662270873282307
7.449302189974172 26.42239060933741
72.37962688185505 58.91566076407017
82.66159893743614 2.3146903549536635
56.5183029154487 17.323780268386425
15.32389732935988 30.71557036994288
12.02619864314084 56.56440558740127
65.36591223702816 77.72653468327975
10.367327633628431 25.82266124766409
37.19820454029311 60.41546963043054
9.521377848043134 56.77695209915329
81.16840818113414 38.270162406224436
50.09894623966209 24.536248919160066
41.52777510254651 3.1902029356789985
89.3794194284713 49.59207368424933
51.78017449286803 7.3290908149385
72.44534848892089 16.43773055379715
3.3694033979401294 74.56131631415712
6.406327567780023 77.98976938376855
27.268979092947475 93.34304312315925
83.0042704736434 84.30195483608139
28.427070221327753 34.699550425807644
30.565185533307805 6.704802131674825
24.936006786252975 66.36736610032592
88.86047037826023 87.93513750541283
77.07281904649571 57.54532340033707
1.235428923238746 37.35992320187576
39.43869478847398 55.43526900574807
81.4506780003427 18.644298775422698
92.39037519671355 56.55209081561717
84.29356470433704 70.95875354029626
9.388585700277885 18.998758471636524
16.15723488238605 8.62304039246652
4.524852937436597 46.0008252334381
80.7695049375864 71.5387568180574
50.54860123047617 55.19717858452072
29.754320270516168 70.06954327634341
32.99442898999473 2.2077737324941116
74.5097424790055 63.91551090570513
27.624803985889336 19.269577824046593
78.07252148887991 93.03098176124574
24.455341212592085 65.65680153478432
19.415519949948955 71.56066971753783
60.906233238400965 7.239902311341584
62.65377304191012 42.73756073080677
30.402165256005443 52.79699556828981
88.74292586022793 93.569475259712
15.101103182591213 77.16456973924993
86.0082573887685 82.95691153493324
92.93197169649989 99.79505164343938
6.471831847751264 23.507977445090212
51.74312767041146 78.19331520633128
51.88915105235476 90.97129342672177
97.32247865777484 7.014222102993751
13.942352788896118 81.66802732340305
34.667822412274255 11.070272887106459
97.19451049392859 81.02783671761729
85.99794387059715 47.79630783819031
94.10047667968873 55.28455280321551
29.408078889560574 22.427584246879228
73.62858662178036 61.84558938017112
34.40406532668682 46.112625057591394
82.82435246737087 30.12443548410052
69.12247548855109 76.59059330426405
9.297157853989003 99.71843959643104
56.66129468278458 27.60878475624853
