20 20 500
3 3 1
10 3 1
17 3 1
24 3 1
31 3 1
38 3 1
45 3 1
52 3 1
59 3 1
66 3 1
73 3 1
80 3 1
87 3 1
94 3 1
101 3 1
108 3 1
115 3 1
122 3 1
129 3 1
136 3 1
3 10 1
10 10 1
17 10 1
24 10 1
31 10 1
38 10 1
45 10 1
52 10 1
59 10 1
66 10 1
73 10 1
80 10 1
87 10 1
94 10 1
101 10 1
108 10 1
115 10 1
122 10 1
129 10 1
136 10 1
3 17 1
10 17 1
17 17 1
24 17 1
31 17 1
38 17 1
45 17 1
52 17 1
59 17 1
66 17 1
73 17 1
80 17 1
87 17 1
94 17 1
101 17 1
108 17 1
115 17 1
122 17 1
129 17 1
136 17 1
3 24 1
10 24 1
17 24 1
24 24 1
31 24 1
38 24 1
45 24 1
52 24 1
59 24 1
66 24 1
73 24 1
80 24 1
87 24 1
94 24 1
101 24 1
108 24 1
115 24 1
122 24 1
129 24 1
136 24 1
3 31 1
10 31 1
17 31 1
24 31 1
31 31 1
38 31 1
45 31 1
52 31 1
59 31 1
66 31 1
73 31 1
80 31 1
87 31 1
94 31 1
101 31 1
108 31 1
115 31 1
122 31 1
129 31 1
136 31 1
3 38 1
10 38 1
17 38 1
24 38 1
31 38 1
38 38 1
45 38 1
52 38 1
59 38 1
66 38 1
73 38 1
80 38 1
87 38 1
94 38 1
101 38 1
108 38 1
115 38 1
122 38 1
129 38 1
136 38 1
3 45 1
10 45 1
17 45 1
24 45 1
31 45 1
38 45 1
45 45 1
52 45 1
59 45 1
66 45 1
73 45 1
80 45 1
87 45 1
94 45 1
101 45 1
108 45 1
115 45 1
122 45 1
129 45 1
136 45 1
3 52 1
10 52 1
17 52 1
24 52 1
31 52 1
38 52 1
45 52 1
52 52 1
59 52 1
66 52 1
73 52 1
80 52 1
87 52 1
94 52 1
101 52 1
108 52 1
115 52 1
122 52 1
129 52 1
136 52 1
3 59 1
10 59 1
17 59 1
24 59 1
31 59 1
38 59 1
45 59 1
52 59 1
59 59 1
66 59 1
73 59 1
80 59 1
87 59 1
94 59 1
101 59 1
108 59 1
115 59 1
122 59 1
129 59 1
136 59 1
3 66 1
10 66 1
17 66 1
24 66 1
31 66 1
38 66 1
45 66 1
52 66 1
59 66 1
66 66 1
73 66 1
80 66 1
87 66 1
94 66 1
101 66 1
108 66 1
115 66 1
122 66 1
129 66 1
136 66 1
3 73 1
10 73 1
17 73 1
24 73 1
31 73 1
38 73 1
45 73 1
52 73 1
59 73 1
66 73 1
73 73 1
80 73 1
87 73 1
94 73 1
101 73 1
108 73 1
115 73 1
122 73 1
129 73 1
136 73 1
3 80 1
10 80 1
17 80 1
24 80 1
31 80 1
38 80 1
45 80 1
52 80 1
59 80 1
66 80 1
73 80 1
80 80 1
87 80 1
94 80 1
101 80 1
108 80 1
115 80 1
122 80 1
129 80 1
136 80 1
3 87 1
10 87 1
17 87 1
24 87 1
31 87 1
38 87 1
45 87 1
52 87 1
59 87 1
66 87 1
73 87 1
80 87 1
87 87 1
94 87 1
101 87 1
108 87 1
115 87 1
122 87 1
129 87 1
136 87 1
3 94 1
10 94 1
17 94 1
24 94 1
31 94 1
38 94 1
45 94 1
52 94 1
59 94 1
66 94 1
73 94 1
80 94 1
87 94 1
94 94 1
101 94 1
108 94 1
115 94 1
122 94 1
129 94 1
136 94 1
3 101 1
10 101 1
17 101 1
24 101 1
31 101 1
38 101 1
45 101 1
52 101 1
59 101 1
66 101 1
73 101 1
80 101 1
87 101 1
94 101 1
101 101 1
108 101 1
115 101 1
122 101 1
129 101 1
136 101 1
3 108 1
10 108 1
17 108 1
24 108 1
31 108 1
38 108 1
45 108 1
52 108 1
59 108 1
66 108 1
73 108 1
80 108 1
87 108 1
94 108 1
101 108 1
108 108 1
115 108 1
122 108 1
129 108 1
136 108 1
3 115 1
10 115 1
17 115 1
24 115 1
31 115 1
38 115 1
45 115 1
52 115 1
59 115 1
66 115 1
73 115 1
80 115 1
87 115 1
94 115 1
101 115 1
108 115 1
115 115 1
122 115 1
129 115 1
136 115 1
3 122 1
10 122 1
17 122 1
24 122 1
31 122 1
38 122 1
45 122 1
52 122 1
59 122 1
66 122 1
73 122 1
80 122 1
87 122 1
94 122 1
101 122 1
108 122 1
115 122 1
122 122 1
129 122 1
136 122 1
3 129 1
10 129 1
17 129 1
24 129 1
31 129 1
38 129 1
45 129 1
52 129 1
59 129 1
66 129 1
73 129 1
80 129 1
87 129 1
94 129 1
101 129 1
108 129 1
115 129 1
122 129 1
129 129 1
136 129 1
3 136 1
10 136 1
17 136 1
24 136 1
31 136 1
38 136 1
45 136 1
52 136 1
59 136 1
66 136 1
73 136 1
80 136 1
87 136 1
94 136 1
101 136 1
108 136 1
115 136 1
122 136 1
129 136 1
136 136 1
13.095223029872493 87.57121288034283
59.66272386802163 137.19912861635854
92.17217802897375 78.37868389930064
140.72538651209874 42.852036488752894
127.28900943375803 63.32023262044871
101.4036205335038 145.29867530478893
121.01364864516178 90.70587206471934
120.83482049082394 3.6596601500891
64.29074403439553 128.93648619281547
112.95051091098792 67.66758217098466
34.40052324828303 52.06776021041404
64.46166871350057 17.31788626360544
140.53474504790375 97.19083096156
79.46194911951933 27.30978129663161
48.367746672267714 61.87868716811368
21.82079950301682 50.16516349555035
54.922190724715016 110.47774024629521
136.07450456694806 1.328704387493107
20.502209886881197 128.2697627108166
1.4954630602423358 38.725755469142406
84.51874522192406 79.88356741240193
32.57743566500987 113.01424182546637
106.87580241245969 0.8190261641942143
106.7995636887097 56.51164300542717
73.88295933125833 86.54040166283993
97.66055247656735 120.34149283148793
27.120529751003293 28.60624594842596
30.79985376452799 27.32582131535528
118.3622705181569 128.91178514474421
54.42680125193318 103.11367816804405
118.75461089070252 129.24625837462887
115.51612807204363 87.3007216891556
119.83229933663432 48.75484212212817
89.15334182792714 40.65467863102314
60.69966512718323 56.909438283455735
74.60109491871614 0.2400894044424895
65.59268466246719 74.58572340427878
136.39770692907587 106.39269556269934
22.63848072091693 58.907835991299926
113.39880166824145 12.52095248524841
129.6182053990817 7.054225439400397
101.09990707190056 84.79409046931303
143.7041988322814 55.43519795554322
46.342194680529616 26.954260093030484
41.63138547130799 47.565387431033976
86.8297159841944 41.77903111281623
26.96729475163306 130.00391794235438
10.294779841897034 143.3887110033127
38.76026430611684 114.75351680722315
110.18483047997653 143.24444791885037
115.56760973262104 1.339548108826838
114.0195752618985 145.3976956773242
118.21967459656997 77.9004237816902
7.119374046603266 3.3031258607284286
36.91648531132864 108.28834888009634
23.269006564526634 84.12214885596423
112.71736720487982 85.0930656180537
109.40403821136256 120.09578203084618
108.58791670711113 0.987805021220739
99.2188292235893 86.17897377281518
123.12275860409385 38.71503404985605
21.461922534582552 7.658404947321317
67.53570012330927 24.375419529672165
115.75761267665347 87.49551343671426
56.40684352419345 51.015917858330404
13.520799204051547 19.768638454478026
133.57519227781378 25.483396771066978
80.41000631130363 85.8297115807311
112.7056949153687 24.72108634088211
59.14298195958146 20.180589390034804
17.305507434474016 56.179658363745524
79.56983847542878 48.34509737775255
58.45654526872935 83.68300600571712
4.4269386577281296 127.91689699306922
2.7294327432504426 60.42288086653217
107.16635548102124 1.1427766725644328
22.191036946288357 3.1594513981423766
20.656974109012083 87.43075365417097
111.62131429254924 144.91432358850616
79.70319455455791 131.951335989182
62.46274786447641 79.16154995466556
143.6484955731111 3.9756952436358906
136.61379059247926 45.14042948969723
65.97491695436837 140.4811102297512
65.53956736048897 138.13485826143878
100.7405036555262 22.11887400770599
146.45848662435034 4.543189974977752
103.4483600099477 48.037601544758424
144.49765986424214 36.523235563859245
27.49553136408995 38.000588113847016
106.82854512199958 59.74323870228136
91.3363863273924 136.80878027177673
107.13061953740163 123.7798720411955
41.05588041417687 12.752993245507865
76.51603157069547 26.80034692467943
113.89153803857238 82.45661869495393
89.50992826819905 31.931718964492262
59.6631088544863 124.29251139287756
95.59758843100575 49.4021760607898
82.64369550748977 77.84899940994679
127.43518535883422 95.96983156154919
15.470000152894459 13.407891640575158
32.99397920740743 123.47342345336928
56.6787678902479 0.4597509022340185
96.64971834483083 66.7500468001084
34.47699362161589 10.78663917667717
105.96098258137832 79.31214096844819
139.4292780935958 30.716107232331353
54.53371179538088 124.59848821741465
108.98394437228785 33.93613850641658
37.41973843152325 107.87561703213608
62.58640900619822 0.0004645914688627961
69.37405281006328 138.75805570303964
74.68208210175266 59.99747099215325
56.37263903597457 12.07426937979575
130.60296900947716 20.862945138569838
63.31826326162001 69.97914958222009
40.87382792340576 7.054042817606892
7.191974728507705 132.24498870316606
140.84261056339164 81.47035979946057
147.43714034327135 130.34358959025846
102.60961793472875 29.50479163623917
33.627730696273545 4.9941984007779165
109.9888211187349 2.7977083883538976
138.3751458721349 99.73389938446482
128.15832506775553 68.87186378238142
128.10518833614907 67.29867561663087
47.17264508026935 132.6770591349274
4.756453550511614 118.16302795307368
82.54470977149374 132.10911994934128
130.0963150656797 12.369442996601448
57.994463733024084 72.03725357003715
90.15584704858935 13.565145400558631
130.00517192121666 9.256022518707935
4.287024965109721 135.54600647790912
78.98643149728817 134.69303232195693
51.75284932590858 147.02540693940458
140.49741744722763 19.191010756802605
49.44458387028167 11.09207331475664
83.19692584946678 13.855121260442427
112.0967972325673 37.59215345143486
134.84898190034315 62.79067324564453
39.8601852363095 32.599200425314194
130.69540638602604 65.42701037866175
111.24936848760544 62.04193703892435
114.25422042460428 23.00185702484866
108.3817809820202 18.58235221530767
148.84785280223284 15.157186382296024
96.5745875642329 8.205867401802031
5.79564526490447 125.92794910839109
144.99739786900886 4.657356728535245
50.81748721040682 54.72221847454164
8.204442252479627 60.596088590754725
55.452133171699685 60.45902161195737
104.8796572943339 63.81583292125075
5.478336993204924 96.9738319513104
32.23447007314378 70.40523737840421
103.06624382051494 4.702084937561279
141.37424295248056 143.7795802807232
73.07287829656511 18.91735557910792
67.87387656083476 116.59806118555187
104.81315245692593 134.78487294937568
115.51433905308144 118.03381358071587
107.88059114913779 46.886753992087286
35.141044374321 121.67935371203939
87.62832047393603 49.454430729099826
129.46321754555578 6.355146710800241
131.67937909322373 23.368256107768705
81.65878200544819 82.64275040119749
94.33463557141347 2.0859097177534816
94.6468830997913 10.941607358581546
23.004846439540284 43.88537389168156
138.77367643157277 28.57806761598733
109.33780053740062 128.29051875946206
126.95072707755716 88.3839526028204
73.66841883690132 57.158586663179406
49.00603813934655 81.52779154630626
134.75743119878632 112.12291852182116
10.970359832801396 116.7998219435834
2.1099211131030526 128.2581168890295
19.52497946682459 5.702807783089869
99.44839464895607 24.58130831761715
79.34467135381666 60.97973889091541
13.935605154280118 22.588767792079278
120.94314709874592 139.44230049827746
144.28481054425728 144.8163519073376
139.03839212895403 7.480503301395503
61.09001206640532 148.39234864369215
129.82703505496295 140.7101980290099
49.602855169732706 17.80184273655272
24.481516512554833 42.023126687628874
14.320617479449528 71.81310156782915
34.65757128437493 57.65746893177189
54.03061986916216 146.7169562734708
143.28841816830246 111.11945128339146
100.61096703129218 30.595884611021614
125.90528674338286 85.74810484812642
23.263074491333075 129.2345315223255
89.09163832620169 59.13460959210795
27.826001106723936 106.76403337373318
16.531699332795956 20.907949111045916
130.9852333688439 26.926511014100306
107.99346056532151 66.10477019907063
69.76583078260899 86.73718073354587
98.73449732623449 21.26747008119349
129.16804796761505 9.626567913834972
114.63247879492572 90.93314363883417
48.84727649130035 142.06012978032567
106.47166561193903 51.522238654934
134.9304321788393 122.61325217264334
12.143965491498697 18.78269383291468
73.30425518359748 94.31415609875009
112.99788552175363 148.71029226652396
133.9472946596691 51.551179866699556
92.57320034265705 75.48640396995874
95.39131915452398 26.69893016595507
49.733244444458315 81.92844485524606
134.4221805010976 144.41368328558087
143.39528940651064 92.05295555080863
14.432367590465638 149.46593032904542
92.36186346732447 72.97023122486324
86.43089640613546 69.87664797492246
107.9475900997921 145.80543222847274
88.38496768729254 85.94909921789078
122.35383060336599 26.197085173371214
78.34513174550518 31.98987948284069
37.001664975989435 149.8397349220436
58.17132914188712 82.04476905241962
46.568035336449384 64.91818683322336
117.73845624388964 69.74143687717644
73.67320761834473 119.01806339553677
80.321880089219 149.75807076078843
87.61537915057171 68.92873823453147
44.96448914317535 96.06606140221446
138.90050674786818 8.170614278473654
112.0012202614344 27.28988809824493
59.46659691672565 11.021842905489166
104.05812169309714 110.64425221203534
57.865017671020055 48.2130520044599
80.56643788785317 61.04004634743301
58.1276369947816 37.91574909340418
106.99510329779632 144.29311039393102
34.317657493430616 102.20728501461764
63.11153349077399 57.88778613580748
134.7473699066048 125.5120906160024
130.7176133250303 24.040420418236074
64.07891756232831 54.93896581758987
70.25339804257987 91.17740973997904
25.67491583311028 71.14100799305858
69.8921350015353 16.547317979861266
8.011342388590037 100.47888245211576
26.193123495141013 70.97806570040271
110.60513549106754 47.792357011277836
81.2534142636266 148.05755625218177
78.9425063392338 13.239926710819432
122.98271680321729 31.014559159741868
86.99144761585296 16.282127941345472
55.848212642063935 73.28744811029132
44.48572353321201 86.47079154166936
22.694684816275213 59.5931863696042
82.50355964203959 86.69648492280373
100.12102777388509 68.21403345788113
124.71572234686288 122.67928289323729
70.77363853521169 48.80463610428
70.48199022856197 50.45095142687689
84.39739607559873 144.86681540271618
48.85388458860517 127.65193664335607
110.56997338838984 23.634224991554444
50.8367704948032 120.57286571976762
78.20920771863834 107.94055430249131
24.594132701848526 143.2539247832628
10.580534095400656 0.10307251288637076
95.49296422594405 130.5685752872724
55.02148079104349 113.8781947046828
76.48430848140138 27.11486469672791
16.36918157911901 98.68738016447857
95.94250490630736 22.725083230384897
83.1440568026056 0.9194152739162798
88.58088937288477 85.21914626699088
94.52249874761533 127.70155877337882
6.590551295724312 43.801513492259645
131.26960939337326 65.65514810651504
55.694658771373504 67.07264860831145
17.96713597697343 71.55984687857918
146.4006970426756 100.65459143391722
102.38112147174874 0.6137747358115397
88.44790772162462 67.69865367753025
30.125272185078224 96.30946468407305
51.84719638100167 77.63979662161083
124.94436348579414 19.945128451368177
40.052484727036756 42.574962047393335
44.67585576419728 106.03563342612213
8.2452153830543 39.90760795233199
11.949639180876236 81.4831149008659
56.05283577386812 8.613370907761459
11.142472517366203 56.05068733181885
149.77904663959993 8.873727719040636
62.73733532657616 93.73223562591656
98.51006788912865 68.52265625772051
32.27554480568023 50.19414157161794
59.29813685276892 64.96941524083249
107.32459036375371 1.8073353415089255
104.61315755713599 28.51372947257294
104.28348468049256 115.29508362970573
7.501976245189118 134.16666647360503
129.3313226002428 9.513360422902679
93.36879415604547 148.77995172156102
145.76773002596858 48.49852654326037
31.390009496511368 13.625948977871866
147.52391861060192 137.27159973804316
27.614730146058662 85.17115999723885
62.883632137478386 138.90197981855047
34.2420689030153 143.46984565232228
26.732944542221006 27.315259025631583
19.862643269805346 101.58057030259366
6.719107759693754 59.671592073048735
41.690475753247334 83.56750667156837
38.79275500354271 105.21901308611177
105.17651324042056 19.931959876043194
77.8086839477852 126.7831521246652
56.34652721419624 90.18271341029076
77.71972880619184 0.9091423869842963
45.74167805068336 24.40991369467301
115.53515638055252 69.32004625231471
111.18562410500148 115.37176356987915
56.15614629079508 38.5939486542961
81.42211838940712 78.08482658709306
126.0926621637463 138.93054064831506
124.90951498765969 32.48832427481507
29.811297175950934 65.58605678636262
41.016262187619404 139.88970673629294
73.10265032590355 0.33138331544760313
39.27681916411503 36.52441879382409
49.23057858360968 85.47450098219022
23.909777370882505 135.5454359720674
134.6784123131273 14.081563707743289
92.05519635545032 18.896930578939298
73.58847082452009 23.70434531776843
38.655649792087424 144.10393391255
66.32009643166563 52.37219549503335
25.826469255522266 66.38989476793266
91.73905408141029 105.76909720776018
113.22412758993892 77.14931441234756
1.4898772647456426 39.28335338099141
22.65634461919972 134.044882087361
18.225226552525083 10.076693259482216
36.992832187839376 93.46850556306292
14.968628378159593 76.26549668347947
81.10043803381936 26.94084772722796
101.4695621623605 134.50587873212598
123.89063496794698 62.20772086507359
138.12902128590162 100.11608757644339
116.34216035643159 49.078448783395025
56.314208877310186 140.79874120726728
97.16743357463604 42.855017495705425
32.776794109999315 81.12651111364093
2.0338144469540076 29.691232762603526
62.25108031860525 53.53121884257287
22.10777893244765 57.05678972774039
47.19530214586291 34.4750543215545
67.4996294544596 130.3785972760069
60.04082741334973 117.82769057215538
19.18830022325473 137.45735041357094
83.67753664343145 55.109199563893526
45.61754027531397 60.306597755871344
35.25074178666247 14.492737176809028
0.011993959702932822 105.18823253397316
122.74753290643028 42.79084434749537
0.5624637419194001 124.12127062032657
148.97044436104355 80.85674129828578
38.08301735209817 115.1117686671902
52.423900167591256 39.323087247598934
85.60659277526106 121.55602842486317
47.015735141542095 40.217435675897676
66.95673100783993 79.20632750417363
144.54129892150027 51.90501710498756
71.28253824831773 131.83162507452667
130.89349594558672 20.086505743757648
82.17334002276709 43.19257439742904
5.600926782696419 10.507728205768057
93.09158165449976 5.8714187127272
9.558552483858811 93.785860371122
40.416431492619786 67.2897917765107
88.2027935562846 58.27407307143302
1.9684866216664487 118.27265466701014
9.544901319842253 87.72099660051451
66.54597662804316 108.47058532775435
49.06944943285425 106.271176210632
74.12735494208665 51.983665994850156
40.476805154870604 50.70211449953328
2.7091271544430695 87.35357780832202
122.75819441927634 67.9554070814753
113.00537159715898 145.93962817966542
19.05740970031279 139.11922478132468
105.95309275763574 33.63611663372003
143.03975493499848 93.83240224793518
133.2483727345872 29.383766088337516
55.57106050601423 107.51057011743079
12.723944590912057 58.053196382931986
118.12927066066453 135.98284246503277
14.215250797667167 1.8122595726925206
2.2556021932774617 27.466189793878826
117.48066053741573 18.11936422350219
119.68169194211424 70.37748563997629
33.20282192396579 126.07766296467652
142.30239825315172 133.90966437034294
23.716570769961322 21.26551708297093
63.47306899209052 130.8468973192096
31.405196843542022 127.60622577520812
56.310528787744154 100.36103457029905
14.315323781889756 93.23296539743956
67.99994767568676 28.638948279066383
90.80495798119064 21.229413304635454
25.53985287385863 41.18524537830602
119.71178504905157 104.27863337744282
12.276704882339168 3.1441484007487865
73.85770257915377 70.19940355145353
37.41919390852804 128.87547127403883
0.8587632873521656 102.75889774161548
56.23494280496666 112.82706354446323
13.749872869743147 133.75456659487114
89.23822503857882 3.4491023782218635
51.014864239165405 133.10549366287864
5.71999119414569 88.7970217354543
95.5370077463362 125.81500406404439
20.229950675766204 54.64995869091887
62.03622023841955 107.01302958254156
105.5890513010408 83.95777495645505
84.31188668743465 101.56572669007679
29.99497953061231 31.447367014153098
104.93095500908949 17.69793690843338
57.552244505324275 33.06240657854019
143.71073527303074 64.48448189854759
145.25529213878625 36.26150257053602
72.66137292146368 49.64572482232619
63.4080246670111 56.12760509381716
86.88902245917973 82.38171604460621
116.21238794839513 0.9488861143293614
17.65156622931558 139.58201311892682
59.202971486764675 27.153724087226554
102.96137400025545 56.31131459608938
50.828009772004904 72.93951422530674
142.07713658259254 44.18417596584195
117.98912615439559 57.658071819479
113.3945346013233 38.7273811014415
43.43948387702191 70.11644051387513
52.81274969724761 144.45799072849945
107.04489632730136 9.107476526773167
15.079359352764593 149.9067192376713
20.673723420293694 27.317773647756844
53.4402992226116 54.01804520255948
25.232527749443694 91.76198889695472
50.33080415523823 109.44810083455818
4.280961829451097 42.67806166083705
14.05412164175736 71.53219374100047
104.57892005618042 115.44474842177448
112.61669063250486 134.19937812645605
66.63497131567196 138.588951344466
103.87801151134772 109.82135863188057
58.932756722922356 31.523296481032986
26.54029356465426 3.207550908954099
119.14057834845767 59.58117910006485
24.507739068295407 125.39049508719754
98.5722545303681 13.150163617944944
62.66676404833145 12.41059912273419
62.72141969182124 94.97519602923326
9.443892010064575 34.28921427639234
70.54225903816585 139.9635362563697
141.75561618634265 89.13126884789686
129.1870379450731 22.488252284634342
63.07931023421899 110.6152809119254
40.85356795286957 45.62446700522444
51.054106439360844 143.25298246477024
61.91128795018132 97.74640889472865
74.72427756909278 92.20713829589077
84.82637250992093 8.18134483047936
140.25114483453913 67.87928324444736
126.71705740680392 70.25759282639393
7.0842838420964895 144.74787865335492
141.71610569692072 91.22332796820956
46.185496460789885 132.65168926417638
38.5662263601194 146.52428797181312
44.41977152327092 149.12696252631227
3.8436314286507454 135.16066739521207
142.16821831408208 27.54157691393856
28.06425176566322 133.9516800614977
131.8659236641488 108.14334444283925
55.379005835343534 123.57651719135073
110.57991390083332 21.072891252505155
112.06529992704041 38.669176532863005
52.95985136269445 17.22559049124695
61.94999709230269 108.49787154961597
51.08510163612752 139.37369663327377
55.01027568997592 19.61613191997214
136.9398483989698 49.480833103549344
24.53671682824718 107.73056555643907
98.50592960646534 119.5567023498787
66.09045272926502 92.41578698504163
145.79907727705182 101.22227085017512
118.26620502643267 115.8640735018043
