10 10 100
7 7 1
22 7 1
37 7 1
52 7 1
67 7 1
82 7 1
97 7 1
112 7 1
127 7 1
142 7 1
7 22 1
22 22 1
37 22 1
52 22 1
67 22 1
82 22 1
97 22 1
112 22 1
127 22 1
142 22 1
7 37 1
22 37 1
37 37 1
52 37 1
67 37 1
82 37 1
97 37 1
112 37 1
127 37 1
142 37 1
7 52 1
22 52 1
37 52 1
52 52 1
67 52 1
82 52 1
97 52 1
112 52 1
127 52 1
142 52 1
7 67 1
22 67 1
37 67 1
52 67 1
67 67 1
82 67 1
97 67 1
112 67 1
127 67 1
142 67 1
7 82 1
22 82 1
37 82 1
52 82 1
67 82 1
82 82 1
97 82 1
112 82 1
127 82 1
142 82 1
7 97 1
22 97 1
37 97 1
52 97 1
67 97 1
82 97 1
97 97 1
112 97 1
127 97 1
142 97 1
7 112 1
22 112 1
37 112 1
52 112 1
67 112 1
82 112 1
97 112 1
112 112 1
127 112 1
142 112 1
7 127 1
22 127 1
37 127 1
52 127 1
67 127 1
82 127 1
97 127 1
112 127 1
127 127 1
142 127 1
7 142 1
22 142 1
37 142 1
52 142 1
67 142 1
82 142 1
97 142 1
112 142 1
127 142 1
142 142 1
129.7486270016583 20.20091049396793
2.9968232508763126 53.52848638728745
5.223052683039475 4.154008051938152
94.27020173645559 16.353136882502067
27.559833802141053 80.53155901035008
131.44759446077802 36.58869057968502
49.620913431726535 84.51323581706956
18.11315602142645 140.7563481209359
73.77520500839505 1.5736813229273061
95.55626869126232 111.1864833471941
138.03184869881696 143.4778752839794
99.7246666366836 54.667541010616226
145.5307214588732 117.79731395563645
81.17845578817605 70.576702630154
89.84011346371169 16.23692206407471
117.6692983868868 137.319081740693
65.38684590627598 136.18864801120233
104.81895982043602 136.71149275916034
95.25405808503164 149.86746204641582
98.50037771828352 101.05638743375937
52.32392673277031 90.04704452835722
24.94452165558567 71.3074185948255
41.98818910229005 89.94851662550231
72.30802306832935 106.65663492201685
43.411911197102896 12.510445778703255
128.39110275237755 144.11050131498496
70.91633770292815 133.0752188649737
81.08823249083753 9.346026967835124
1.5443293146415127 114.97403242990988
127.09122093950113 105.3113081890754
56.83657663916061 3.2478477691638585
38.59216116449686 0.11929576209935844
77.0346931182208 56.59731643394675
100.72367341333748 74.04439539235301
61.64503592956749 142.87396996034212
49.2273595925631 101.22870865567863
121.85882492632237 82.31642281334584
21.87177263332488 98.60028051704795
119.84920044620341 95.38021109514682
7.114734264033151 20.774057164661343
141.6034510942431 49.31913653545482
111.82346709544727 99.26035833561222
61.32784851911096 108.03629318297028
79.80070301868557 128.6573763629104
107.43549664031325 46.00640286762215
114.46180525400707 7.270882687065205
133.57307738062042 110.41462762211826
17.638157484305772 51.12206913938849
20.165802179642924 128.4192800828584
125.86651940700396 140.07324484384523
118.21172852404496 82.75347614547867
104.43358404390649 68.38838875529159
78.02222835945408 89.39132735070676
123.42575611855399 134.45537425581367
69.62835896316292 132.6715689851868
64.59861249682018 139.67667335573427
15.054332163278467 62.432628163520164
57.04133273299824 126.99776994045155
55.46243888894542 29.770536475096698
30.89344059240804 63.57427626719256
135.7296222121279 5.569372604034389
68.7728358573707 128.70806654041888
16.319081500102577 60.919806532468904
87.84725488378969 32.471984228540066
112.98944530625361 106.62309475835092
94.32912057340546 133.360195888965
114.97605316287007 126.42517019208339
97.48136599603377 108.08616107400248
48.019265212010204 58.99434122240607
35.12605261089889 54.1168924803868
46.294278359906 106.02205653789106
45.554499859380506 148.00577570544613
18.07608932217935 148.8291980656281
21.105100195152083 12.852599726262948
7.491586124390337 86.49163572719819
83.04188259230574 38.43405144999023
55.214520076065504 126.00584291744086
59.74168768476121 111.95836894714253
37.430258503189414 91.41073604578128
1.6950804812018994 81.60924241979632
144.8230904406395 141.2381427648814
129.15025621392806 133.55393405449823
56.314699454609205 1.5364793426127066
146.28941057286872 124.5854826641807
110.27151644052952 11.529741410928606
20.53535625660362 75.7606297312392
26.425832037425312 26.863601540479152
137.7190780117035 102.46043655164681
96.03219914277527 104.09048542578013
25.76211816654314 69.33694417419433
138.854673901202 22.72432270324853
0.741677795819562 9.624462889809932
29.47311519867477 121.9783226951837
70.03916306417146 17.08639201615936
48.63713929953744 111.0589719564431
127.34158673808706 106.19877209583467
77.93397271717105 55.221958830865795
117.97743604766592 143.11712341524634
52.8564164243456 27.065324235984793
106.27159932006347 73.53643497644785
