20 20 500
3 3 1
10 3 1
17 3 1
24 3 1
31 3 1
38 3 1
45 3 1
52 3 1
59 3 1
66 3 1
73 3 1
80 3 1
87 3 1
94 3 1
101 3 1
108 3 1
115 3 1
122 3 1
129 3 1
136 3 1
3 10 1
10 10 1
17 10 1
24 10 1
31 10 1
38 10 1
45 10 1
52 10 1
59 10 1
66 10 1
73 10 1
80 10 1
87 10 1
94 10 1
101 10 1
108 10 1
115 10 1
122 10 1
129 10 1
136 10 1
3 17 1
10 17 1
17 17 1
24 17 1
31 17 1
38 17 1
45 17 1
52 17 1
59 17 1
66 17 1
73 17 1
80 17 1
87 17 1
94 17 1
101 17 1
108 17 1
115 17 1
122 17 1
129 17 1
136 17 1
3 24 1
10 24 1
17 24 1
24 24 1
31 24 1
38 24 1
45 24 1
52 24 1
59 24 1
66 24 1
73 24 1
80 24 1
87 24 1
94 24 1
101 24 1
108 24 1
115 24 1
122 24 1
129 24 1
136 24 1
3 31 1
10 31 1
17 31 1
24 31 1
31 31 1
38 31 1
45 31 1
52 31 1
59 31 1
66 31 1
73 31 1
80 31 1
87 31 1
94 31 1
101 31 1
108 31 1
115 31 1
122 31 1
129 31 1
136 31 1
3 38 1
10 38 1
17 38 1
24 38 1
31 38 1
38 38 1
45 38 1
52 38 1
59 38 1
66 38 1
73 38 1
80 38 1
87 38 1
94 38 1
101 38 1
108 38 1
115 38 1
122 38 1
129 38 1
136 38 1
3 45 1
10 45 1
17 45 1
24 45 1
31 45 1
38 45 1
45 45 1
52 45 1
59 45 1
66 45 1
73 45 1
80 45 1
87 45 1
94 45 1
101 45 1
108 45 1
115 45 1
122 45 1
129 45 1
136 45 1
3 52 1
10 52 1
17 52 1
24 52 1
31 52 1
38 52 1
45 52 1
52 52 1
59 52 1
66 52 1
73 52 1
80 52 1
87 52 1
94 52 1
101 52 1
108 52 1
115 52 1
122 52 1
129 52 1
136 52 1
3 59 1
10 59 1
17 59 1
24 59 1
31 59 1
38 59 1
45 59 1
52 59 1
59 59 1
66 59 1
73 59 1
80 59 1
87 59 1
94 59 1
101 59 1
108 59 1
115 59 1
122 59 1
129 59 1
136 59 1
3 66 1
10 66 1
17 66 1
24 66 1
31 66 1
38 66 1
45 66 1
52 66 1
59 66 1
66 66 1
73 66 1
80 66 1
87 66 1
94 66 1
101 66 1
108 66 1
115 66 1
122 66 1
129 66 1
136 66 1
3 73 1
10 73 1
17 73 1
24 73 1
31 73 1
38 73 1
45 73 1
52 73 1
59 73 1
66 73 1
73 73 1
80 73 1
87 73 1
94 73 1
101 73 1
108 73 1
115 73 1
122 73 1
129 73 1
136 73 1
3 80 1
10 80 1
17 80 1
24 80 1
31 80 1
38 80 1
45 80 1
52 80 1
59 80 1
66 80 1
73 80 1
80 80 1
87 80 1
94 80 1
101 80 1
108 80 1
115 80 1
122 80 1
129 80 1
136 80 1
3 87 1
10 87 1
17 87 1
24 87 1
31 87 1
38 87 1
45 87 1
52 87 1
59 87 1
66 87 1
73 87 1
80 87 1
87 87 1
94 87 1
101 87 1
108 87 1
115 87 1
122 87 1
129 87 1
136 87 1
3 94 1
10 94 1
17 94 1
24 94 1
31 94 1
38 94 1
45 94 1
52 94 1
59 94 1
66 94 1
73 94 1
80 94 1
87 94 1
94 94 1
101 94 1
108 94 1
115 94 1
122 94 1
129 94 1
136 94 1
3 101 1
10 101 1
17 101 1
24 101 1
31 101 1
38 101 1
45 101 1
52 101 1
59 101 1
66 101 1
73 101 1
80 101 1
87 101 1
94 101 1
101 101 1
108 101 1
115 101 1
122 101 1
129 101 1
136 101 1
3 108 1
10 108 1
17 108 1
24 108 1
31 108 1
38 108 1
45 108 1
52 108 1
59 108 1
66 108 1
73 108 1
80 108 1
87 108 1
94 108 1
101 108 1
108 108 1
115 108 1
122 108 1
129 108 1
136 108 1
3 115 1
10 115 1
17 115 1
24 115 1
31 115 1
38 115 1
45 115 1
52 115 1
59 115 1
66 115 1
73 115 1
80 115 1
87 115 1
94 115 1
101 115 1
108 115 1
115 115 1
122 115 1
129 115 1
136 115 1
3 122 1
10 122 1
17 122 1
24 122 1
31 122 1
38 122 1
45 122 1
52 122 1
59 122 1
66 122 1
73 122 1
80 122 1
87 122 1
94 122 1
101 122 1
108 122 1
115 122 1
122 122 1
129 122 1
136 122 1
3 129 1
10 129 1
17 129 1
24 129 1
31 129 1
38 129 1
45 129 1
52 129 1
59 129 1
66 129 1
73 129 1
80 129 1
87 129 1
94 129 1
101 129 1
108 129 1
115 129 1
122 129 1
129 129 1
136 129 1
3 136 1
10 136 1
17 136 1
24 136 1
31 136 1
38 136 1
45 136 1
52 136 1
59 136 1
66 136 1
73 136 1
80 136 1
87 136 1
94 136 1
101 136 1
108 136 1
115 136 1
122 136 1
129 136 1
136 136 1
21.70780146756407 11.653756165687584
16.032328629581976 85.71352359139794
142.2533407957977 100.50206555197735
10.511386942110335 38.38714465027599
12.115475505283246 55.75610849412077
21.848459095744982 9.748677954006563
75.96273152029062 22.9132629495429
35.65024627993383 94.81217704347846
72.78044476154567 102.49243123027186
130.22377522067814 76.11925127121947
43.234479478649945 141.8332198559149
59.54807807974118 32.112126847217255
113.34417351430417 32.314828271539085
0.2893665202430673 7.426801376923425
122.12433415611424 121.2346278860388
109.96444032051494 44.115691724898795
90.37323564665095 94.78450635038044
24.379197400401964 145.5334067832285
38.76434573765606 79.1237380703798
125.43687139761214 120.90433582969737
64.22479858233235 15.713529698224772
87.74468146113021 145.07255868277022
75.79477728606402 40.17364895985058
33.64096223008971 88.43515902424178
125.19128836463067 21.44594590584777
137.47523597108852 61.35992989845347
3.199887682879093 81.03164180287422
62.15868948639443 33.914306880109166
88.52922105886448 0.5281669308608294
139.84858804837083 124.24274207286744
29.404135273094862 89.09110543035808
45.055340161141054 4.776119478743546
7.760509461282905 71.39018293530164
1.6871236665238987 133.64372003143907
121.04998518918131 97.6741864671653
122.41271289308006 19.34240593196033
82.42568386042386 117.29950539892813
116.1053039081354 43.526988564114674
120.99592114230035 124.77710001521194
131.9323402900605 34.45319250100721
58.31422692770949 76.40127583157523
145.0742885040334 73.84696948203369
77.0982967188368 126.92128147837042
148.40044116870848 100.93530107618477
134.56770933375867 106.44495115057657
117.71253194489918 125.2083234774875
19.826853095855114 129.38095795687326
64.2694474022634 101.43287711394109
139.00749162179596 100.10427161275591
126.8735960577655 25.878767762543525
148.27410456243354 115.51847523473211
83.27381135026052 49.98283750468709
15.994325971430595 72.31772174716508
124.37428157356537 125.04239036489236
2.1107645780953863 42.51226679065914
22.21031135428341 6.820912417133829
68.5649459551512 86.16997837855885
138.13219043336 39.53555961107119
94.10243149059745 63.80459853976879
126.11318714146861 50.03713468343187
2.0970312496715824 11.180777857571872
71.27145377336255 72.11124681093827
52.56884272238923 80.74726716730301
145.65472662515091 42.885562983494246
118.6643719632958 40.799831368594496
128.75286271860557 114.05014442893945
83.44311446228596 67.02098308008328
28.905597181859875 110.15886876891918
58.650199778351094 25.62624024879254
65.66862923881901 41.89076913489691
126.92201061586556 120.4147250125589
100.48246136015806 8.419307505446621
109.86935441825011 31.783361499895236
12.58972057181812 10.246614479383737
38.220242396274756 21.110836983985376
33.33500105044564 72.83988863620654
88.74151465667255 106.65149692473632
96.60924671926843 6.711066776490737
62.76490869472744 62.566968860146574
72.23569799005237 2.6298637858803096
18.088665380911362 59.49813098474475
137.38238135059652 103.86610170109793
117.32389209126052 84.33326652987641
48.100172840151224 78.03724292886345
21.67680318992209 63.02469285996951
82.0558424769818 63.820660499858626
141.71068232733526 105.31857948202334
119.56840053242571 30.662593574367424
63.86660559891929 119.80710660014748
19.92036248286065 48.20618917424368
53.18800350906408 132.05926937683088
121.54738957730575 133.0620479691446
80.33284921974875 59.549330055036364
128.64215610307187 30.677737787630736
133.2118477991365 142.9209868314934
126.7671041503396 8.64897067077629
28.06085396084238 47.0754832752284
131.06144259634195 143.68020844485264
55.03221667670729 63.16411026724582
52.73281153166862 32.89728563825552
27.612547491930428 14.968725462579279
130.3702078034852 10.271346426875743
143.42379608240034 26.88283409586148
69.283324877617 98.91140321993633
99.42812699983128 12.898829614269264
41.66207926702305 146.56006860316506
58.02683437991221 55.44438699215352
67.56014054376584 29.04057905321756
149.62843002419322 83.14156868187396
78.62494679700626 54.71678791377568
70.85490588318467 103.20039958596419
61.26724995194079 0.2814969145095991
28.950365396394417 146.7982209261081
81.92804356527303 21.166791904299142
39.190900836712224 101.05046718973125
62.119784373186484 117.61114164488225
60.91826164589477 48.658891591650914
36.77718263657602 75.66049684729366
106.83706901764577 48.59866393418469
81.01109114279866 35.18706220253932
74.43586268736546 19.19301555639599
68.94180785158387 137.3808903856845
35.897339411036185 35.37417570168117
71.71639173480253 127.571029269784
80.40234410273776 41.61966041935674
41.792161230478605 149.67493890469348
16.228546472787087 55.7646108550135
128.31851411824732 61.082365618815004
15.005503126370796 27.012351028547364
19.695167003020142 89.03185507401892
30.610763730325775 33.99624502851664
39.28529714883513 26.893375966002903
4.884140943582777 87.0128272701871
133.0603607595629 113.88079590446277
9.874654699154812 18.153313177254315
100.48901840823993 34.505291383777006
14.018730386132965 85.3637510845764
147.86912240021576 117.95452976529026
100.82455904421079 81.17742815191342
119.1817850374922 53.05262205102189
94.9836997541299 14.130739021799933
148.69329091455282 131.56113352705904
53.65696002273169 113.7976664638997
37.2777621453329 111.07620899898616
45.56339809747265 145.9699639360593
84.98204192769033 3.3717029520981487
22.594803704077027 107.74105003747371
10.178476528779168 148.4864651728177
145.15904956893797 62.70067769716493
17.675150940055325 96.96190547331709
77.88511509204726 80.78580336878629
22.14281810311684 12.368078780714326
15.528499226090043 4.337034632349041
28.294548699633136 72.85807793177574
128.50278172108185 76.95181586423688
118.96698472771793 94.10258025336378
124.74834118824862 130.057550682196
90.69031657803251 3.354580239265492
115.92890792226589 18.253020389269146
84.02451974396075 0.1216394920835806
91.68691876871809 96.17587413140465
87.6276822539756 118.76082910028578
148.98699270329107 15.622130443065856
40.096375327438665 139.22795119007773
56.33479129715507 93.03554282835944
61.586395508294586 45.60556974246986
127.94420338577781 96.84982418996336
48.96096832038624 127.52327154200505
27.758426497047605 106.81009352491925
3.62273652975007 136.89514007592442
124.97659436624107 67.05163043528007
73.31957097331819 29.39842051932178
19.39778463341017 96.84982224176163
148.81774254649935 99.24528386656978
52.93412127340974 89.58295893170023
105.4133524840303 17.97564303792799
40.783698634119965 63.57499099449522
23.596934977042512 64.64967129801852
15.724416887017684 69.44909061267136
35.817008149316656 55.54759092718722
89.49925300345595 107.15638075275567
66.1526933764471 138.9431944120033
145.31357297461992 20.7867360205166
31.810068109691397 15.480291803248058
118.66066574393301 101.26871971903428
16.392274443863208 142.91799019606626
35.917910014703196 56.92807525298769
59.86261419026488 8.04139018077631
99.6336057049124 135.51818274141507
108.09128570511761 117.54460767959486
36.87801813022689 110.97200003114087
47.31910673513839 7.0906874610136175
142.3611880060049 61.511162809776025
27.916722473036327 10.780691294504852
11.495310594270903 110.62896596133973
2.2750295063832695 98.09406516049674
97.21214829895301 25.4454016347959
59.82179735031722 38.960944393531
124.13581856268242 53.90430977686298
133.53781787496538 53.116890576392585
39.95315389381974 32.11304676769377
56.50172459868645 19.504723624628912
83.32914057394291 57.62549594064342
86.72491642804457 130.52547478026406
19.791485520272943 106.02080450769466
77.78260999711306 144.43287166184197
23.425967232116502 59.65472164217104
123.33103492516872 108.64841461118996
146.20678723687308 55.49250442183981
61.2263192967091 115.96671715437327
56.36334575267077 6.411504426695547
90.17039408969214 115.69912385201663
38.753126199916885 110.08410880281113
31.30574137749944 5.036669962279772
63.74979975720971 96.8950795459274
99.96359932967145 13.649492056349139
2.6965111503097052 15.844161613533403
93.71220803254879 45.01523595302877
42.314742582213384 141.93964774252288
43.15683017267071 37.27527976531814
42.403238811157244 130.73126916761055
86.23555745334822 11.6173595686124
106.87069923118153 94.43302434626266
130.6840645465282 132.67906889892154
30.78301972895656 65.37358434503531
29.90971165901057 60.09891774824085
145.0856299225367 29.193625592800732
45.73880031175661 109.9619972438833
138.36427379602202 107.04757354666755
31.86259829274473 80.21639173581812
59.61516603210003 35.096689464445056
148.5527771482725 124.49324640320796
106.41759548372669 137.47144439216103
15.337407756220895 10.997071638061568
86.90732030032535 104.38808938718195
39.296640353150096 14.475630918470973
48.84542686195294 31.348547626967004
78.04806896354928 55.903227270539396
70.78265397183229 19.864935924846527
68.4718749904383 72.28704946247178
143.47804866113862 94.46591930720548
25.71352265451377 129.62329156896888
27.485078217217808 9.808153392968165
60.58681195925431 1.9427074463778948
96.08316887961168 123.90817524700451
102.73710443191631 127.92908404343837
36.647186668095905 146.39647283692375
32.49625954279415 37.09016216775908
81.25673008382807 57.81518601119807
89.59576987784872 22.852390675954197
49.074781177441366 90.35798283703629
26.018223086169222 36.39384631585667
130.01581988367963 50.46794193899905
1.3523002769062875 90.25978591068811
106.99450885371246 92.80248403378805
2.4582910932711033 144.30473855434252
86.67099247135272 113.3004461902034
129.55601470311964 61.04939400455864
102.21655106649958 146.37867385840863
73.36226380035563 130.89950643106087
11.323144930360767 132.09814602227644
52.45113800901148 115.67941593082408
71.65125075512732 28.47465468505031
107.14329197416194 135.92027836124984
43.523428588748345 86.91431265569459
55.98820118966847 27.926971677535544
84.85693719028097 61.97342788437204
148.56185076979656 147.54372762676928
50.81406226520312 41.103255527542316
71.14399556214518 141.2876188067561
69.41226324970053 103.71087186145286
144.60976263903885 72.7763250203011
100.74848838566164 66.5498732143122
13.622000477187669 144.54781393674824
3.1476063161137824 103.02481330572103
95.30823899245239 12.495689833598467
4.778181250142288 9.197970844385017
148.61089557516294 102.80859131180655
136.94570649817598 97.15737640547792
148.55108692844152 37.81325764706392
65.6689618115141 22.03607170277318
109.20336538059064 144.6859415019942
85.79034059243163 95.21962257078442
149.36456534909746 17.449051305933104
32.33871344338484 108.64742328285517
73.57662468477727 99.52053375829838
0.4808239820780158 116.6695367752251
87.81142655100273 13.736470298528298
111.76426513119772 61.95829579256435
85.01962872046376 144.36439359394112
38.44172007708496 86.27751874263774
103.34997933398616 43.55421461097773
23.344548646499902 16.732015463928025
136.63197939621585 10.272954560622892
148.34180705804638 128.6861193591448
6.200176258439827 51.907861912758825
133.3616094816987 43.38454150373695
58.01831730844255 43.924069076340565
30.63919577647746 77.5995810960054
140.52198667153348 80.44406886012814
119.36005473803051 112.07780651083293
117.70767953651264 124.62360585094316
40.07444989876955 103.4804103049218
35.82078153582942 17.551498493085333
28.60671828653732 59.1669861949505
148.59375902771217 48.81516858641153
87.72061402997541 55.40350446615215
132.37511773882503 101.67935715854304
96.97996229512732 49.91037843648688
83.28419540083408 143.95514437627332
143.39654649309628 12.657000257701279
115.4473457356545 119.36831553724723
99.43922229597749 122.56730340794581
146.55780096241025 149.2972888235894
4.67646991879187 51.44672295581938
21.24487050501434 95.6040171271248
78.9191023650778 108.3379017550679
78.44177259556398 15.211343826516105
91.96772721059187 57.657018053473756
111.69239436612295 76.90783147509177
19.529269482401084 76.97367218420537
21.7966396071914 40.12361802332606
102.63750454143447 57.6807293739032
77.6068474398023 71.86520425692434
69.11328894399696 39.44870720227217
10.54108831824493 24.377673833524653
102.92631552382652 20.55512900182506
144.16446970817256 56.44869802673403
146.02311403254583 111.19609166885836
25.506530950592172 66.11393285819935
88.80828110929146 16.79024727076135
141.87293844758514 24.834397480781444
8.374361866825025 53.04292477640097
77.24630214482565 127.5671956727841
134.7072988348099 90.16770088271225
107.15082523363999 2.8171067349045673
146.48672034404012 126.60844798861375
129.03986101632685 56.40291366271235
30.48744621973853 125.16239703873686
17.692119614710734 46.156980286665245
77.30980942431296 104.16197000676871
141.28345216291285 30.837287244397416
34.076980428553895 20.741416018720276
54.86301233409237 77.97974854450474
20.388934679879384 100.21460385420528
96.25708398387017 37.702254296256825
143.66688067889194 33.03787312086799
56.83493187531809 128.42034986302008
140.38690196578816 121.45229461206705
3.247229613708419 65.13296221505459
57.067252576703645 95.73080174634443
143.6364673890905 140.95261248471374
109.53519744517953 63.85335286308107
17.746250907226045 69.69020104186181
130.18682989706477 138.75909477007434
81.32818830745835 111.531763999086
42.813726226745175 47.16870795334931
44.89919491453273 86.0143637813008
39.024800704540695 19.006523508713958
145.934874245886 75.76333066281938
62.623133410798694 2.340064347838733
71.74995545079145 107.374074105482
115.59467344387389 100.43116910901284
116.55598202801389 34.60820859815226
0.7018555911062929 88.82162806237466
121.69512878475723 142.21232091760348
51.20297959855712 77.09600599465115
37.62112515054067 46.13200471028914
148.56551177571055 100.81959354576676
64.5659483993537 25.05275503867227
3.3249476056674943 123.20845959819017
35.58901359265279 33.52523188486944
124.37196418129528 7.11426958244531
132.27933468887576 18.691675775490395
43.22805878938228 8.61208226708391
62.543725195666795 18.943925532655232
63.87001117000764 142.06500441420036
52.69058405158512 48.11979335808625
60.14417483493686 17.261837387102364
60.74234481763681 8.112294636937934
146.33714525860432 113.17390340015699
63.82936052037101 53.475523414086645
143.495372932246 71.62751025858465
108.83514306537104 52.86728795996156
80.98806307366812 33.003491931835896
38.852882123740834 86.81393242966548
17.483802660750108 88.4072333769233
62.98377521091729 129.73985108938862
45.999828369111896 63.574703414767804
87.3598125664456 116.6244448838675
18.10584633301261 110.34993804860078
55.19932225394642 77.81901944941758
11.238326538871757 102.3082592800117
15.038543830576634 3.208018858264933
70.23871577680916 102.51891391505727
121.04275061797635 86.9137428472982
146.07123327754488 119.04710556828248
111.37453183000294 126.30287712571928
12.894438035473716 85.55362210510225
94.5255261006577 126.35904300747035
34.73335012722737 46.89063251584915
34.50162133762566 13.557750043708443
116.58819851260101 123.03905165514395
106.54324527401315 75.72996087507059
45.46588997102102 123.86622472020935
118.95279210799407 30.85129887999291
61.269010885653984 2.1070667013357025
12.845844275534185 120.45072336357894
67.04827674465783 109.18160852268217
63.60803192706982 60.40159731933458
102.23494030597301 16.094622993523274
143.54518487886887 66.9278322083152
72.47680542934819 142.46528229209548
94.6025288187123 125.00158232734395
135.51066682421632 146.0273774384974
104.81682985575969 121.5334528279219
40.131254108978645 146.79335814321908
137.26767182915705 39.42820396500126
95.33297490626431 57.7788185986322
66.69938466455696 72.50448758534861
72.52973916762242 110.85296453929061
24.317206165446812 77.03155189622464
110.26493007096009 149.01735182894106
51.98697132007685 148.59993696792932
4.206002238276108 123.05101266639365
33.114238146239735 116.6269037920398
58.92843256368633 92.4257305876979
70.49359724039637 7.736986600785673
57.93622255005922 143.40007126942712
14.099943645238655 28.673752117841683
86.53568802630271 67.51181623503574
60.27353173809457 143.90173436272838
20.62754312971073 44.40834882553297
6.906651750189397 88.8545826430766
147.1358046782727 32.67642556100291
143.18060623408627 25.79363123651625
55.969481584993005 35.250935243384866
64.95049281084859 106.70469866848151
14.59542310016383 97.54145726477117
39.760277303339706 46.14733316161124
116.24042278974595 88.46169175062374
43.083568318613544 22.23437865301597
22.792948323916278 117.22085774968495
49.07553293807383 126.33995583528154
128.49360442143922 72.32412306767034
126.325582891393 72.37366093349324
59.82871953879294 24.806423240602538
124.27144799552268 119.44191655901156
41.011673559490966 73.28246535909167
5.612967923516232 67.46769376028651
87.10034140375615 40.802844540881544
53.38980390918128 55.96419039239364
15.468621969844442 70.85408041374228
121.88948519213196 56.580775003229604
52.27274953908673 44.143192588724276
104.19856969480117 107.70717595755828
22.231316019781534 77.1226010906734
109.28560134416512 117.77356414916542
30.409609331078453 15.57356653554528
62.621406789803615 18.755285307829062
141.382847575316 3.4881815624956403
103.88421990321177 3.242076529255622
5.514431471183817 130.1686978932708
4.8412384603535195 112.50020727066345
99.5277814426741 64.03279787620112
104.00161627104951 124.9513329621775
99.59029684792448 76.46096657553457
33.438750543747105 2.7546890054916675
71.15520637116613 76.8299412442517
39.792571659954554 36.74315545463728
97.29448238835788 149.78330554956742
112.96551054458187 12.813482045406083
71.04418938360878 33.43346943765946
24.596023686151252 143.2001992661504
146.58745924202879 6.501663290256776
45.208627953798214 15.394449635779573
120.57768594202936 106.8488349495127
122.02410558234217 101.0923394697779
142.10190196771768 91.23393257482701
133.71787323576544 106.05166774027232
13.13594689166846 99.1914126955373
93.48467845256458 146.58304497548528
138.58284647873919 112.71763907697682
4.74449098945548 55.405992652552264
138.90177348320935 149.64693152959694
149.27707914709578 86.97263477314381
85.60734471372756 68.81137384594744
97.53645715785511 15.268153818041108
28.62662890832064 44.196326386752375
138.5627306080777 41.86337372990355
52.26335847202008 96.68506612934655
30.015742982876898 109.91411203657245
12.587444659322772 28.913507698300485
23.95318559965957 114.23308222547445
103.53256703756847 123.2723459065666
32.80587737769159 91.54414816799218
38.8130758410061 31.382702245212933
6.2347210069134125 70.07247701406166
99.68852390442088 73.41106313610089
86.8784192173383 81.02305201490819
