10 10 200
7 7 1
22 7 1
37 7 1
52 7 1
67 7 1
82 7 1
97 7 1
112 7 1
127 7 1
142 7 1
7 22 1
22 22 1
37 22 1
52 22 1
67 22 1
82 22 1
97 22 1
112 22 1
127 22 1
142 22 1
7 37 1
22 37 1
37 37 1
52 37 1
67 37 1
82 37 1
97 37 1
112 37 1
127 37 1
142 37 1
7 52 1
22 52 1
37 52 1
52 52 1
67 52 1
82 52 1
97 52 1
112 52 1
127 52 1
142 52 1
7 67 1
22 67 1
37 67 1
52 67 1
67 67 1
82 67 1
97 67 1
112 67 1
127 67 1
142 67 1
7 82 1
22 82 1
37 82 1
52 82 1
67 82 1
82 82 1
97 82 1
112 82 1
127 82 1
142 82 1
7 97 1
22 97 1
37 97 1
52 97 1
67 97 1
82 97 1
97 97 1
112 97 1
127 97 1
142 97 1
7 112 1
22 112 1
37 112 1
52 112 1
67 112 1
82 112 1
97 112 1
112 112 1
127 112 1
142 112 1
7 127 1
22 127 1
37 127 1
52 127 1
67 127 1
82 127 1
97 127 1
112 127 1
127 127 1
142 127 1
7 142 1
22 142 1
37 142 1
52 142 1
67 142 1
82 142 1
97 142 1
112 142 1
127 142 1
142 142 1
80.56100582873582 52.310458770662024
110.93102224245374 140.7642523757159
8.379255521319406 84.65570361794599
88.39725637571213 45.93526048811941
17.260379930607357 32.30678749325205
20.321314610089097 83.24626059806306
74.43808452030635 17.521422058449648
107.43501554172165 56.004188644498726
103.37420249144368 53.364319381809246
44.442385573678834 48.44672617134989
79.32890664056052 14.635554136380453
94.1680351500567 107.96840013843428
24.168729409184525 65.9246472812997
48.25536650690471 111.28401176323659
35.00564168540532 42.75347212909791
94.49172490368284 91.56904111424839
19.565201085991003 94.74962509345313
25.40768057421 135.84159025270492
111.72416047531347 125.46242489770412
104.65424381224646 74.23438402582572
84.5710044219939 146.52523812829875
33.70646875273184 32.690441584559515
36.704649791531395 115.02976647028369
12.935492598779808 14.322195570451967
40.12596902348055 111.92918610779549
31.609500361447402 104.9417306470393
137.5475152578052 75.90737228540776
105.70469789348633 72.81758125034446
6.282694245627024 118.19727117637076
38.1663537002737 112.89965688500534
82.37715979558689 33.49785953452571
101.03123522974047 69.00768982612065
117.01778554475581 103.72489298506416
105.53761682945601 39.046149431482306
97.56964445384465 112.57929011919114
86.22684729839177 2.121421401957968
104.79971407857352 144.77889357395878
102.12830777737923 68.36647154440001
0.14571765735797437 51.77618921077663
33.21556947319655 55.57582471711852
31.687269430539782 112.0350286817538
24.976362778264598 52.711047430489735
23.313210127097623 101.51317789395215
144.32114992675682 143.93072791122404
89.05963440752417 39.62175460015981
19.96387522969632 146.45446411409284
45.06434720013637 144.34561065270626
74.84090692205221 12.830250266215671
73.64316713591904 68.50820896775556
36.50022932632944 37.90127617613104
60.12508589073654 11.317610203940976
28.679496558840494 145.32267318103303
126.69942751863171 145.50974557482985
70.83247343354353 141.58706621460283
50.60857335719723 14.71160269160316
94.0325631913773 74.85401326383692
74.61807247342672 87.06399295225447
57.72116514272732 110.69521496060867
50.684699187025466 133.2439696405583
137.7996536788185 121.24015670052735
74.64681495579251 27.298578186600675
147.15898353269455 61.22144386664372
34.17793857646686 53.589942517351936
21.4563830657207 84.66639608095423
36.08045356515955 77.14878535189003
140.9016244887351 138.7589380340841
106.42038901647811 45.56790364993078
12.69362135735474 25.349929539199746
20.687686667678285 117.19469606202611
135.2001125011148 20.989479018876477
85.9496728934058 55.72541424763229
102.50656655274105 85.66219436268943
20.50885277279324 77.99398875757532
88.28396305844137 142.41946214850395
94.51102171882455 147.61835577576423
101.79182167414963 2.05570029225729
83.8814992426473 40.56799187235644
47.75336459346744 64.78735921110287
130.86008310492184 9.162405163498605
5.915387122490845 17.624509702563675
26.30544380456703 6.834754365997475
63.96158749156704 21.125518634541717
55.6232012077736 75.1135312738185
140.11897739737552 134.26091810722514
1.3399848419126836 52.49404419949386
44.14472548112222 104.36578589067508
40.68454964452906 141.79258324562443
53.45632576431291 42.103168790927995
29.673763761569738 89.37714457254474
145.2367339971378 147.27601978311625
43.147416567063985 47.849616473516505
147.28761094957233 22.763083127622945
147.65535879864248 78.00786238364229
60.15351981266161 44.81031946932662
28.88347762052855 127.82192178821657
18.54115882098293 132.52772976515405
9.54735081679256 30.371592205784438
24.621880958739002 32.94542132819239
45.970620527121355 74.78078296420128
52.27643136647287 58.15530030978272
142.38664735608828 119.28025016709104
82.57601556003766 81.04589228254389
94.83521110731303 13.773422084759563
95.29458908268754 35.21160735922001
80.6117436713094 7.25377826653279
75.11953920891558 141.94613148167704
80.52491055142801 77.05914497590645
0.5160080776486664 62.28232278798615
101.63180251107266 25.842672074160074
111.01643747745149 125.8518521790571
111.72396218266442 145.33805211556844
70.3862694241061 5.24705338518684
29.932886856026148 106.85559905906129
146.0181720278266 102.88737664170584
102.32590741530224 127.89536601200815
121.02630705482314 114.67569196165748
108.27110068389669 15.83784295915055
50.849503926046545 45.427991412610645
62.02503455944935 96.1754429022545
18.714582926951707 37.336031481341095
121.85633721551122 111.52420697598363
11.327776678780022 34.227774529039344
91.01368920155066 129.5852687776991
62.425758737391035 92.52604536856249
69.25876708421232 55.6362240592213
99.33608609602251 86.49313118447883
85.08978559968013 123.72599044583784
98.43602692813646 29.396499634293704
124.43071694429463 102.64105097883454
64.45533850820085 25.212745875479133
57.51728974266065 139.77221692527922
87.4657851403945 0.3767404508337624
66.15988799301772 22.650425885688
23.31113040384406 63.98760703437373
140.11454678378584 126.81239797819613
120.63417125016066 110.54198394932658
56.12828429787484 122.97656362906388
84.92401694229638 129.84515366005783
30.16413965217854 107.02861955573688
25.782640076823647 17.72854486909819
15.780287181216119 12.338907414106382
84.29635887765744 97.34027824266201
139.3357640896 140.0515661452759
41.88482669683778 79.71092594417206
22.66990629702046 7.33487117195446
9.846868734971531 5.461898257335168
29.64259505170952 37.595635714336694
106.24516041381592 67.97192071855345
33.99486589109049 126.02759544140667
24.58470302975168 146.36031996543525
105.39988039051195 75.48635842002868
55.210494138831514 46.66310725190845
16.890722907464294 147.78782380002653
123.24438627893161 19.413069258699974
23.768443410038522 130.91452776172324
127.85928007835919 56.086001073345585
1.3049025261756442 14.632888492888647
83.9703110330949 83.47569729082741
53.15609184157799 134.5416569998251
88.84744948475532 61.68073959180547
55.27753017250841 117.61625487072106
127.3891791124766 119.71180767319215
144.7523353944506 79.00955398948578
82.52785579566161 73.97697839560134
125.76308835030103 75.26598809604754
86.80023295770569 25.823362965312413
130.2078829823606 35.269853393461055
32.56026266844852 135.75384840135723
81.72444696533518 90.74556711763925
119.71170407992139 51.089229356283425
81.02310590811577 116.72175843555394
72.64213886435451 132.17934784169472
75.5440652803529 9.918251618220253
125.31729214050506 14.723134157369893
44.37177298765832 77.52960808983276
31.93650604882195 7.3473012170499565
123.11885181216353 6.047132933145239
76.50784853507321 92.53831733781136
74.33563328904907 34.34851680802108
30.326203908569344 122.6361264339079
20.475791148318283 33.36311205288055
102.74248696420528 55.17995562684978
9.279567227822149 103.4891386277059
6.087093351040723 75.80340655396216
124.62673077571019 101.53787405302074
1.7882704976875052 88.98754941059092
47.943931118952875 46.84375974123741
58.87949730941277 129.5533345171606
138.49206491541264 128.22318683730438
87.81659788358495 90.21646745026051
128.79576952258378 125.49243889511382
41.21756830413762 127.51230305081745
119.1420287538867 56.27958964440229
10.751178941784195 106.13038850259505
126.64033559399319 89.24018709670011
102.31429116695226 139.74229506332654
52.65277170533789 108.0079172859957
18.305380745289913 129.0380693544785
22.455450156157557 122.88125811635182
24.24966053091705 69.64937163419924
