5 5 30
10 10 1
30 10 1
50 10 1
70 10 1
90 10 1
10 30 1
30 30 1
50 30 1
70 30 1
90 30 1
10 50 1
30 50 1
50 50 1
70 50 1
90 50 1
10 70 1
30 70 1
50 70 1
70 70 1
90 70 1
10 90 1
30 90 1
50 90 1
70 90 1
90 90 1
96.66493191267259 3.104904485690163
33.878324806937876 36.481478983027756
5.469628168319751 40.39739239383648
36.968088781133126 40.30601440797158
69.91977152955593 42.543888614167166
3.652224662136616 64.6492213008736
21.48964671542919 46.93682491893614
68.71082921367663 3.1347232917075196
94.24949530165371 95.85305352048213
48.71525219771007 12.611570386071946
45.2492510405565 77.73204079036792
69.87543497128395 89.85658196625046
77.00955936872096 78.68920905381059
71.9203940994252 31.257835994724857
23.427362916214 81.11956914135959
58.41888031595735 32.96962048606655
86.30881169703719 4.2367644738668275
87.78625272881582 15.578837405179137
54.439188003632125 55.095166934131655
62.88975704760899 1.3906064785023209
63.09792206652753 7.294404905721031
15.336564293026855 29.25691592778771
92.51578428771518 19.052045077324888
72.89186702493376 85.52701250630803
84.63381805170478 58.92263506854694
49.11227922460088 38.1057244421196
32.6706920928977 54.35186103087084
89.83828746585755 74.74861234788077
7.313573221867598 77.86654796238894
1.406614075402035 85.505411259353
