5 5 100
5 5 1
5 15 1
5 25 1
5 35 1
5 45 1
5 55 1
5 65 1
5 75 1
5 85 1
5 95 1
5 105 1
5 115 1
5 125 1
5 135 1
5 145 1
15 5 1
15 15 1
15 25 1
15 35 1
15 45 1
15 55 1
15 65 1
15 75 1
15 85 1
15 95 1
15 105 1
15 115 1
15 125 1
15 135 1
15 145 1
25 5 1
25 15 1
25 25 1
25 35 1
25 45 1
25 55 1
25 65 1
25 75 1
25 85 1
25 95 1
25 105 1
25 115 1
25 125 1
25 135 1
25 145 1
35 5 1
35 15 1
35 25 1
35 35 1
35 45 1
35 55 1
35 65 1
35 75 1
35 85 1
35 95 1
35 105 1
35 115 1
35 125 1
35 135 1
35 145 1
45 5 1
45 15 1
45 25 1
45 35 1
45 45 1
45 55 1
45 65 1
45 75 1
45 85 1
45 95 1
45 105 1
45 115 1
45 125 1
45 135 1
45 145 1
39.53105069845353 126.3735073206372
3.210055276644408 24.744586939867872
23.669864568591382 18.394033732893128
25.377813435834057 23.023093221394287
41.40284294646644 86.73692294950115
20.1829754862076 132.61529132460512
6.11718706625553 47.60356387089493
22.73939210025173 24.487745201660445
34.88573746036073 116.89218290875964
38.150373229741554 148.10129985110365
42.36397106050474 85.32752134861019
4.944236295661819 71.65288094615802
44.319625301414426 12.36360655358107
5.0507491493404615 23.20708514048913
48.299883785245456 117.70732638605323
16.961869454919977 23.753705166822186
18.34517668345881 147.17180976271604
45.191111352482665 116.23130082949072
46.331432570232316 103.28767842425174
47.24231019722397 74.1574266560024
10.642275639807336 0.8648968030179449
46.123721677399324 72.66417076136473
48.73921903170324 95.60915972832119
42.60335277905507 41.55295984723188
16.510949164954685 105.59480231875196
44.77900734378725 123.37345038436526
45.79238659548095 73.3168333439659
11.758287330945977 71.51368511365655
27.540876070694736 87.60223856481049
29.31915808497919 13.42730168390321
33.216660201265206 91.72961585223747
28.40925660456117 77.49833134771993
26.310742973469914 87.74320850070451
35.95665030131134 59.19054589464541
30.275809407148742 43.57734154122761
16.883676784466957 127.24804287998364
36.86363530372719 55.145811288956786
10.277596997684867 105.78912876064612
38.00603063727022 47.37580942126942
1.2191664241421485 111.30064239275394
48.92102139622726 51.7073057690641
39.576943458584616 57.51425415497099
29.11350750126059 59.03203644275054
43.25147509225359 49.85425025274884
2.6881240323917144 49.248412638435276
34.474619986290406 83.2296223368447
36.31061503611633 24.197878855625206
41.08845035422271 123.7819204655327
39.11157309795447 99.51656386538434
47.36593003796871 119.06169628692423
34.71800677264371 67.43168138665779
14.208933679007984 68.28331116730367
45.55874633465878 76.43935253533594
8.099043787658411 78.56476177935052
20.851000038130284 22.227808803506665
5.548746087768924 6.62991071630773
13.663501082644853 133.8404109926787
26.681484797324078 33.11239412551096
31.46053477525396 73.55268774048214
43.73002058362626 129.70374982425193
12.33828069608357 116.74038092254244
24.761157588193978 77.94574367569001
31.195702164620325 30.360889310134887
29.65308687660726 126.21736203199629
33.74818601384475 120.27168053975083
43.78954909007528 137.6500288646792
10.92722540112715 90.13959383718394
42.23511674752266 68.74996626521376
28.578756839532225 3.129810442924036
43.914684696562624 64.18369549195762
26.62117074521438 56.298627830946295
42.315868212649924 60.47128580350732
8.34204788500761 7.036858404441443
40.24761668131571 76.4610411919138
45.85948157190252 18.104593794826542
36.44369256406703 62.74014983256449
9.676206841709083 145.79405866193932
32.11264655955644 8.048486770837654
23.278361719620694 121.97508867686594
12.403876352459713 116.85428074245368
29.16430707705995 3.538696242110828
45.35670390350575 131.0648474926538
2.0879103153586263 144.55776655063588
24.797192447363 7.335869353996982
18.15557450337959 67.70008375874346
0.40974174878636305 138.10787081025666
25.051636816876705 45.73547942198542
31.32291568408561 107.88858757875072
40.17007588542678 74.85427532472677
15.189324003853727 143.75489472526917
42.038856807424 18.72794979717073
30.636358975932332 77.73989298793185
25.890169097357767 79.98472033271605
35.37104566088504 49.57394147472965
46.8621494103154 60.60363122054717
37.41274658678515 17.82570335594016
5.7526998760356935 70.02221362837393
25.240415444009095 147.5891188490068
46.24470722441765 55.53436512488665
47.54658083695595 18.626756690977082
