20 20 500
3 3 1
10 3 1
17 3 1
24 3 1
31 3 1
38 3 1
45 3 1
52 3 1
59 3 1
66 3 1
73 3 1
80 3 1
87 3 1
94 3 1
101 3 1
108 3 1
115 3 1
122 3 1
129 3 1
136 3 1
3 10 1
10 10 1
17 10 1
24 10 1
31 10 1
38 10 1
45 10 1
52 10 1
59 10 1
66 10 1
73 10 1
80 10 1
87 10 1
94 10 1
101 10 1
108 10 1
115 10 1
122 10 1
129 10 1
136 10 1
3 17 1
10 17 1
17 17 1
24 17 1
31 17 1
38 17 1
45 17 1
52 17 1
59 17 1
66 17 1
73 17 1
80 17 1
87 17 1
94 17 1
101 17 1
108 17 1
115 17 1
122 17 1
129 17 1
136 17 1
3 24 1
10 24 1
17 24 1
24 24 1
31 24 1
38 24 1
45 24 1
52 24 1
59 24 1
66 24 1
73 24 1
80 24 1
87 24 1
94 24 1
101 24 1
108 24 1
115 24 1
122 24 1
129 24 1
136 24 1
3 31 1
10 31 1
17 31 1
24 31 1
31 31 1
38 31 1
45 31 1
52 31 1
59 31 1
66 31 1
73 31 1
80 31 1
87 31 1
94 31 1
101 31 1
108 31 1
115 31 1
122 31 1
129 31 1
136 31 1
3 38 1
10 38 1
17 38 1
24 38 1
31 38 1
38 38 1
45 38 1
52 38 1
59 38 1
66 38 1
73 38 1
80 38 1
87 38 1
94 38 1
101 38 1
108 38 1
115 38 1
122 38 1
129 38 1
136 38 1
3 45 1
10 45 1
17 45 1
24 45 1
31 45 1
38 45 1
45 45 1
52 45 1
59 45 1
66 45 1
73 45 1
80 45 1
87 45 1
94 45 1
101 45 1
108 45 1
115 45 1
122 45 1
129 45 1
136 45 1
3 52 1
10 52 1
17 52 1
24 52 1
31 52 1
38 52 1
45 52 1
52 52 1
59 52 1
66 52 1
73 52 1
80 52 1
87 52 1
94 52 1
101 52 1
108 52 1
115 52 1
122 52 1
129 52 1
136 52 1
3 59 1
10 59 1
17 59 1
24 59 1
31 59 1
38 59 1
45 59 1
52 59 1
59 59 1
66 59 1
73 59 1
80 59 1
87 59 1
94 59 1
101 59 1
108 59 1
115 59 1
122 59 1
129 59 1
136 59 1
3 66 1
10 66 1
17 66 1
24 66 1
31 66 1
38 66 1
45 66 1
52 66 1
59 66 1
66 66 1
73 66 1
80 66 1
87 66 1
94 66 1
101 66 1
108 66 1
115 66 1
122 66 1
129 66 1
136 66 1
3 73 1
10 73 1
17 73 1
24 73 1
31 73 1
38 73 1
45 73 1
52 73 1
59 73 1
66 73 1
73 73 1
80 73 1
87 73 1
94 73 1
101 73 1
108 73 1
115 73 1
122 73 1
129 73 1
136 73 1
3 80 1
10 80 1
17 80 1
24 80 1
31 80 1
38 80 1
45 80 1
52 80 1
59 80 1
66 80 1
73 80 1
80 80 1
87 80 1
94 80 1
101 80 1
108 80 1
115 80 1
122 80 1
129 80 1
136 80 1
3 87 1
10 87 1
17 87 1
24 87 1
31 87 1
38 87 1
45 87 1
52 87 1
59 87 1
66 87 1
73 87 1
80 87 1
87 87 1
94 87 1
101 87 1
108 87 1
115 87 1
122 87 1
129 87 1
136 87 1
3 94 1
10 94 1
17 94 1
24 94 1
31 94 1
38 94 1
45 94 1
52 94 1
59 94 1
66 94 1
73 94 1
80 94 1
87 94 1
94 94 1
101 94 1
108 94 1
115 94 1
122 94 1
129 94 1
136 94 1
3 101 1
10 101 1
17 101 1
24 101 1
31 101 1
38 101 1
45 101 1
52 101 1
59 101 1
66 101 1
73 101 1
80 101 1
87 101 1
94 101 1
101 101 1
108 101 1
115 101 1
122 101 1
129 101 1
136 101 1
3 108 1
10 108 1
17 108 1
24 108 1
31 108 1
38 108 1
45 108 1
52 108 1
59 108 1
66 108 1
73 108 1
80 108 1
87 108 1
94 108 1
101 108 1
108 108 1
115 108 1
122 108 1
129 108 1
136 108 1
3 115 1
10 115 1
17 115 1
24 115 1
31 115 1
38 115 1
45 115 1
52 115 1
59 115 1
66 115 1
73 115 1
80 115 1
87 115 1
94 115 1
101 115 1
108 115 1
115 115 1
122 115 1
129 115 1
136 115 1
3 122 1
10 122 1
17 122 1
24 122 1
31 122 1
38 122 1
45 122 1
52 122 1
59 122 1
66 122 1
73 122 1
80 122 1
87 122 1
94 122 1
101 122 1
108 122 1
115 122 1
122 122 1
129 122 1
136 122 1
3 129 1
10 129 1
17 129 1
24 129 1
31 129 1
38 129 1
45 129 1
52 129 1
59 129 1
66 129 1
73 129 1
80 129 1
87 129 1
94 129 1
101 129 1
108 129 1
115 129 1
122 129 1
129 129 1
136 129 1
3 136 1
10 136 1
17 136 1
24 136 1
31 136 1
38 136 1
45 136 1
52 136 1
59 136 1
66 136 1
73 136 1
80 136 1
87 136 1
94 136 1
101 136 1
108 136 1
115 136 1
122 136 1
129 136 1
136 136 1
139.58094138986235 81.11872104709575
92.28723255806364 84.43602690458845
108.98531925308164 130.68293563665043
58.26027354334915 136.82409508424854
101.5845655740767 113.9247221325271
1.9474763063297096 3.2813373191391992
41.82289480486501 26.912732727637245
93.9765235887786 104.0530872273447
5.650112505893645 115.03847263964698
102.60178354949858 6.484068980604857
10.26007538041991 20.253645237197475
125.621803063582 123.62856867278714
34.257335676783256 136.16668479734992
82.22178719878984 76.91083925772281
82.32810613577038 22.469898636151893
123.99391203222456 50.055697354519616
73.13088932544348 53.08555018938282
61.71384570847678 60.21983816889901
149.7867684737493 52.487411371585004
65.63356025589184 125.73100490510203
17.396616564203665 83.53187429148394
11.320088118790267 91.5064543532125
70.73292288059538 109.08294126470342
95.87126418922914 103.76250509275667
58.89920394071698 139.00650498338163
147.9711740417375 106.8795790973112
75.65442501422112 138.70937618665604
89.87128623620026 129.7406220828785
88.00432304918601 114.89390100340793
80.96347053222233 87.2001755670636
144.96438073820204 96.12794591192613
80.88435390379759 71.98118689828748
136.42676550020798 43.198702189886795
1.937571944990485 110.2810897141483
109.5788607383105 80.07710407943199
25.885053760524094 29.91032817474395
97.87669669519339 127.79220158463842
133.1339750033415 47.953315688962604
42.184945205116485 142.76459231096453
77.94763899913968 54.57379118908349
94.07047397327604 2.8345845354784016
75.48770807312786 78.30636042881038
126.04197710866141 28.09099352969072
54.30381951383036 103.39821559643957
6.101432856750577 106.26923945787948
106.89428254726722 18.144212838673646
56.00147376622597 79.44478253880857
63.72039723990709 65.65589160108168
65.9414524721276 15.965259333544829
45.52690215974758 93.69898646585523
63.47877721491015 74.21907531694818
31.970476813181115 132.49991091214363
94.66315975735844 40.84074972334326
91.79252975783008 82.1620603929898
32.336297205006815 124.2609232070319
76.21082330773157 120.34688399218574
70.19848021569763 107.07634165951896
48.63010031684234 90.90146487294287
112.96581583536033 47.305881927430605
49.91360749766008 45.950962736442705
123.12136231285872 96.578702012219
47.85781245978271 141.2939331153889
23.902652860289457 88.63127658984277
6.600684530909994 106.8933462895051
107.67051001917775 114.55592087036584
146.88264963811451 0.7489056141883277
89.98577351856025 1.4809686527769428
107.22348822062852 122.46704742881424
95.4001041804776 14.242775127902174
123.98668545887605 31.068240952808917
47.983503393745934 27.847996367958118
89.1700283262258 49.188295535155014
123.90000314253797 77.36644258216397
35.037303712847326 39.3440728543688
122.90512698407142 97.43433455923623
119.18257070795784 95.08684750340343
96.80312238711153 136.53931812801324
26.77845743828427 67.17199899495182
123.1572870172915 77.64577337112694
29.05011227047558 48.22348056262247
55.85086979075841 138.5829768155172
6.100906538551737 111.62295426283444
22.45575372473833 2.7594068344445057
123.9033078362444 82.5131819000016
22.25990928505356 111.71448204289176
5.642802600099789 99.89046151396941
16.454943005104717 75.24106009426231
46.88207858147238 44.780646465630156
116.91156721071768 16.601082488327112
74.0210451426492 120.7260879023503
147.92502349316712 20.112292523061235
17.487754109322374 18.86862273940673
20.7103101673115 141.65431096401502
30.52653639803042 148.98738466988019
120.4373764123817 148.5716622397205
21.784865324130394 97.38551883891775
63.00078427884692 10.209913645189573
66.03928500229176 82.02000820159412
111.12430784143301 26.379394777901904
74.16163602972163 112.1297461541849
32.88950970131319 12.871072442881815
40.00532651970115 124.6241064270796
18.507581773407555 80.72140752416836
2.5581041612979414 32.74910695192553
52.84184267864581 40.75649219872473
20.096456634124287 133.17709321125506
54.771810139570285 83.04296913494967
10.275368231476879 50.97150936373673
7.597528125046871 90.84378885207452
90.33236098586983 59.85499478648473
84.52772366497466 106.99702687200636
0.01243646785868413 70.88163166915726
112.2578008522565 148.5593244363927
4.669787006409953 86.94687717207727
8.74294120342245 88.72622979645861
10.0405711653622 92.27416502162161
70.32372888052082 101.77930236027612
35.83788251501531 148.13128829618955
56.27051936237311 4.527619881251627
143.82113064801152 88.63556215195472
108.32281393345727 113.1751811148958
109.67549501470583 27.499689574796527
127.26941024104866 43.98705280527558
115.19270106315729 120.63255389879369
144.98946610839548 127.59743046685871
18.95311879419991 121.50132953949739
28.275898846733995 27.463289179774335
50.283941922950994 24.300092684300022
138.8076010339802 9.59366830049156
26.63052448914701 113.41049147282565
13.96405355992325 126.06565054787947
30.815251275036214 121.70295258156409
72.91314193092992 34.76628012073844
51.35859058196981 104.41159906337177
129.05933647748057 123.78578001924372
138.62342993100955 3.8516249236269617
107.93875276378252 31.80587378644596
6.00541928796352 107.86844050659475
55.973894672098176 63.76129147061146
132.25850460024554 41.71992212840087
101.03819883677704 78.80415050044843
36.74345665227971 27.83921999204246
140.74635149463933 102.07496960916241
120.34730585179612 74.35480182091406
25.372803795332675 96.27699571383766
43.739660272166816 126.23367265264747
46.512805627021834 41.502373886125184
18.515719520648837 9.471604340733169
100.00596580796426 134.06143234697868
50.82422966966213 17.269517366603715
9.347192762827532 39.740795725853744
46.255368164118146 69.8533494520732
37.218952053266605 96.71376221992577
130.23505249796725 89.18505334669945
33.223179165754175 87.45769774851736
64.93366856514672 121.69317766560083
130.96104834945274 125.56103500483037
107.63941753310046 91.42773329094463
17.77734624452697 148.33484397722967
27.01683508952371 133.63319013653305
105.2422908490194 90.71858658946043
41.971034340040156 35.5073861708873
39.19366480942668 143.32306753827382
39.53147975264919 28.826532682264443
120.43121368853257 87.56538208798753
18.22169394459247 125.54249019799713
8.181903394397095 129.33817539508362
9.490238534921735 119.73749981578808
40.57979773975832 45.79592656469797
84.56969531886881 134.03446459259368
146.89255568010802 29.447357638855397
44.431807023598054 122.88073252955687
11.585355968953536 134.5735257721907
0.8051991791266533 90.67373221003304
47.16163305491195 61.3529914887151
109.44380666657865 47.26368862685936
1.0777125911822394 27.6873217527353
149.1459153882352 49.03601699437561
133.18289469871215 63.6382529831244
16.018829070398187 64.48700965267574
103.94439139036797 73.83511093490007
69.84801868208805 12.30819227165959
131.10281271522555 137.19194582184338
146.90712560655302 35.171750153543094
137.91118263323085 39.22476073696466
63.494624302686326 11.680167926083302
138.08066272566498 67.73799264651917
147.33985719422554 77.73756462267666
122.79165477963154 132.8652693490768
49.673267277400775 54.18848534067588
115.2682928366585 6.031946693297763
54.84613975596173 40.04307664089033
78.96829431712143 49.79445038046601
40.5475157557112 139.6962189826
63.23013065559241 44.98411715229753
106.25664137135304 121.80963350606014
125.15490693272875 34.685370786686796
100.70503349757095 68.78340287597487
20.807651793884467 144.82486305064643
63.68814492147855 36.10567271548632
96.69507837241653 49.85177751628788
1.1492306059790458 94.6041652702792
39.08444979538741 148.04098040725214
122.15287402513017 8.288400381803884
132.37126710424815 75.43115431434963
136.46455489513966 72.33466225058694
27.57323116019738 144.9171590909093
117.08372216882042 80.69722860392751
98.03437060103867 111.71702084154253
18.452691774918247 127.20136828311345
38.99913231339022 109.28007086160818
10.594978809559347 90.33515891766847
111.81965598227899 42.01535967188175
48.831296252073415 61.42704936377206
134.45471250637078 101.2000373601378
127.0043222128358 82.23874087131308
6.436758836207101 118.60827224661786
149.73874148225545 142.65457254252075
26.520112119990685 148.7859650671775
78.79060751209828 58.94989113678116
50.35600012160465 98.07544044731388
117.44883297163621 5.652607946000132
120.4040410397488 91.7496654583426
111.1036407865429 71.66718119574587
117.14201327047662 140.82831757858057
133.88895156875859 43.729860379096806
147.3548285273175 129.7064426690128
38.50140740383306 73.71565096561119
51.89015294127826 87.28559880522134
11.541313873542357 107.1140474957472
76.94793538532933 111.53266454994917
28.601308409246577 72.5635038878373
126.47788999724119 138.26114465414895
148.86676080417692 138.832480654617
34.296914703366994 124.81239942860108
139.16410458137972 33.18185398941115
114.17696672161058 127.58952948413904
68.96664400903622 103.79042228494099
3.4403295099329934 8.116586559913486
43.60482055332016 12.745097535205923
81.2206080693833 117.1033223754171
33.05938690906592 112.68159159453364
55.792181153203586 74.02559960811404
16.398003782846583 39.26390714669359
40.20015919505599 104.89026107587571
148.12569782095886 109.57505157498419
133.41260924987142 100.65739459664442
137.53825100058296 30.27297418643548
48.50994601794671 67.98743532613926
57.593069375972554 89.27914430605941
110.59726864302665 104.45308402177264
105.39003613586445 66.30238915816946
128.04664143020594 111.86670228595928
48.947089629819686 17.15299866002863
73.32857526495906 100.67485930072826
90.39307909336708 96.4380884522754
146.68383743692442 138.77454208525444
34.44912651336225 149.67795280364973
10.666230434529039 116.12612991122504
126.29368109499627 54.9415468719776
31.50356735659207 23.54211540820346
45.559820586615096 122.62592169505172
112.01693723099382 35.38745337041897
54.56192609924931 134.51682716823433
48.8478239686154 47.95378465131152
105.12104465987862 64.28405254005456
130.23136165895238 25.51900903605988
147.85325397080285 29.742330138360266
69.02729898652112 76.29886853790305
40.09478682893646 102.89200772999732
106.38090541861887 140.66045331845748
111.53506921130592 38.73002335640474
88.04564798396385 53.385174175077225
38.305748213300696 99.66709004434267
119.95644655611864 91.25363157796504
63.9497127085935 63.38754126791588
119.65945978099478 20.605095991440525
96.66019150261467 100.09121806762172
74.40053345664371 56.61400669035384
80.63643297813667 114.1093898279386
26.67382833524116 96.66063652307363
146.54346289077836 49.60982187260025
88.0894607752773 58.39707476901374
116.52112286948942 129.39249060273036
63.03011720104379 75.5350529086023
39.9904838249422 40.588201802404086
10.521845816675846 102.03526103170474
142.39837559082878 13.167848535142312
137.0013537895572 26.44514425601898
57.60279574713465 91.31438911325925
39.0156065521604 76.43434998328341
72.8510365640185 114.83926184915788
120.7353100294896 119.7069487745763
137.28209618973125 32.001517673771
65.08389054136295 48.821708595132016
68.32571523470891 138.20262373969828
112.89367721010277 40.3056836835007
38.19526416549162 37.295467491440185
55.790534932739504 1.3608936554638296
117.09761263843923 141.59067881254788
78.22256363251931 122.76736870040591
2.9187705954081156 48.3390689934726
44.037924369860264 138.12667440566392
131.18833484421705 139.85970758976669
69.17056935594262 136.35721076576348
110.61293287048396 40.71343794112548
72.32703335779628 64.98917623078253
63.45392758916196 83.61757106128972
8.848416695896265 111.05584488442398
0.8212894090517731 30.328009617196166
28.32592113824932 128.5079607254738
97.79293744782436 44.68795416465821
14.27046674508589 134.55165252629263
101.07106680694473 78.49034770081
31.853061163005602 106.81333702155442
31.947456283765714 107.39150661434154
24.129743955043487 53.641177207507965
8.012371002520469 7.890577050442377
72.91463484320847 116.92763355542527
101.59348206415108 98.8269861515862
85.67562547579767 114.79906038149518
92.20347401602042 76.32152192156936
37.960490478662464 138.7103988534434
30.61816984644457 64.46395125010692
84.99333781931963 15.616628997155113
101.5931185487607 109.69319964940772
37.87907534792885 107.35117434192689
90.23302866801373 43.9363346935176
21.098017041727907 36.619793309072094
130.0116062341829 67.3649348569675
88.1702390180706 76.18316263343388
62.41079230943608 68.84408710673424
111.6565432379876 138.1350233015423
97.25079862772442 31.15643166634163
58.94262562016086 112.36170058283355
8.635940735689513 28.080880232070886
19.034092443604884 62.78213194869103
49.759640921704616 9.352512209481262
129.16440263715532 134.6218711477473
71.15168665862242 97.58024873795677
76.13105418049358 129.4526552764311
76.16836592956824 92.1057764226308
122.11895100996277 6.836149744406727
47.290990578741 126.759266844638
115.37791524823201 148.62964358314943
60.11085010667816 36.97782528041586
108.76212241990929 40.28035485418075
102.62670913222759 65.22829346229763
9.073964796009303 65.78065218962635
64.75475523322969 18.817912048650925
145.66669740343085 82.57347202295435
125.84737688292564 41.486104374017664
9.60995997356952 94.89227983905994
59.17990995699081 78.8445618928735
45.91949434449604 9.176947717593947
6.5207971496263895 84.96696791467012
11.042321373615167 90.18328752287722
56.711484650032226 65.48122122148258
75.52693551750762 51.15871124427402
10.632664275473235 35.73235395294688
38.80591385992727 95.58784102507917
94.42904408829119 33.41284598276692
145.921202409684 25.36312141334507
99.0489015805567 18.58577462532124
79.34193132915911 119.9981250730033
123.13221741553144 146.10632875922016
103.9930660840555 54.6318583644287
72.75879702447868 121.86142589299723
98.91265757735857 115.28077411926394
95.7919740951032 25.413304583086386
78.4607408197174 68.47780296460435
39.64574773410075 30.670940004105557
98.31498253715068 105.57602847183331
13.122512099687622 126.58365594209832
61.544205299678154 113.44975252277051
117.51161267059346 140.52846396501076
3.647250473176361 19.081091128525063
122.73407110700822 41.16153031488265
30.750395566493804 105.00730259225239
129.62653522943552 93.52973035260345
132.24834720767402 51.819464112771094
32.840350239524 129.18667449346876
80.33184440646065 111.53352425625758
36.830933147691276 75.47491872640917
102.00932919368712 53.77661976681488
12.43526866871319 20.089240085514014
25.449216521344542 141.51899384836807
37.6455397678086 56.109386629274404
100.05770216328527 99.44877722673225
49.8095053601528 89.93766617867145
15.3737263864074 115.67261187161671
26.700545258689473 84.61154749554294
50.7806279050848 26.039370175402205
84.14103173302381 8.827223797048067
5.602355512955803 87.91544538482273
54.090415409505546 80.76125986492045
53.64006733344181 2.258826087565474
10.95763865451228 109.40890168860959
5.407053095092373 63.72021838629967
144.8103046292393 41.05819146497633
99.61316375872038 33.767260635789974
70.99359423155461 100.43818968575019
52.92325719080376 52.99986500674642
39.29793888456462 74.91282473989861
11.664754620048306 61.903437039228386
121.64022930986586 71.87176180776427
86.00725022911213 15.951816592084533
116.19777797016259 101.24355671754269
101.81240206998241 51.514736678815
144.7304231668046 143.76911282943087
43.58830501189935 98.61447971846017
131.57183897787914 137.34813005177844
111.1871448729411 78.26963963708687
91.75455871316416 119.09628485857102
10.563940666402994 78.282517562865
132.88499741693818 15.772933517665694
68.00403028879735 128.6699705177948
37.838094654532945 29.167829883943746
115.67256057077935 126.25245830554839
24.692453499722983 35.78836756520753
58.57858911947913 81.90860111914701
5.439110650669754 64.79597687322942
110.94847390668991 137.02228551873185
116.49750417346078 121.97093540741986
56.30013098585064 145.1692591890501
91.56985876362381 128.07620104886175
1.7031976245420632 84.96544623894063
103.08592368222249 34.42376167240301
73.86085490116349 139.01610702953653
124.94121907493326 10.484211466372685
107.65533436949349 53.740115379821205
15.962056043490385 113.27506511994704
37.02845172838349 15.879291602497625
43.05545042025392 36.4301228791605
29.668355781761967 24.161675220628435
121.72824532945363 103.40247855979719
100.99386494798956 108.06322752614216
33.925447628124694 17.513791222308413
102.07921123469147 25.07873815209542
21.52616446956565 107.6381215788982
138.15544954023264 87.2994155396623
125.77582582238279 19.347302050883986
135.15805960320722 6.428418780035794
11.485372933901111 96.26019388101996
69.18224819355686 42.35065783681975
120.97098882558761 40.776288019476446
40.03144033393008 100.83253606568638
41.77214021892058 51.90843125895168
65.08586947586824 56.844869702685926
69.10211034902797 40.39388838558713
67.26400918581827 34.50826384560105
100.31141992369929 16.847357480297255
39.50794248936012 23.36972181585159
93.95234190734216 5.815422146217674
145.18942162795472 71.80573067632146
130.15974952757705 65.19091194182339
59.651287997013 56.45351377819918
50.35287061210642 114.71690982239637
72.89668185554808 149.34962751708105
47.472398420863435 101.40028773896397
96.39330263211298 105.38487498824045
75.97120549656236 126.90974970270844
72.41367678564816 9.73739521188451
84.62239966793368 105.7578773910324
30.569395877592463 91.01366212537982
54.1127322704974 102.27761779812003
44.40790276698272 65.66253915023282
82.95099396765345 121.11992879274999
81.75668452135108 3.6649698304277556
6.439135088205622 141.7227064880054
33.297382377671205 36.25890467960264
124.74289702977046 109.57808265985805
61.36549601860088 41.92873218710881
125.51079076405814 94.99179703681361
140.41234279667637 145.26579480496656
31.808718281246428 113.35876857835879
77.76048320467687 123.09602112427375
76.99471896997449 131.0863463105444
126.31711168808913 147.28090172391467
76.63033216611127 84.80174029890924
96.93384077760514 7.264290334652246
34.88334318637363 51.42390200272373
136.70722262449806 135.10447398077153
16.746124124234086 56.55450044063391
136.5761167019116 91.67207396799867
61.23887894799914 139.1982255014741
137.6963859622831 138.01428273774735
107.43028813136293 129.01009421322152
116.3140147935309 137.4633652996562
97.78634088639338 50.70732530317451
142.09017156339274 89.801584604586
25.989629741603643 137.32054884561194
59.40749765980498 80.37861286259498
16.315869637758972 17.087634732938874
96.72409206195967 25.166135757072798
143.92076195072576 95.651652626938
128.949970691796 60.53903232569164
107.9318145752064 3.3513947843846537
145.6426110488704 89.7098223575586
61.419947952675145 42.56056091874976
