10 10 100
7 7 1
22 7 1
37 7 1
52 7 1
67 7 1
82 7 1
97 7 1
112 7 1
127 7 1
142 7 1
7 22 1
22 22 1
37 22 1
52 22 1
67 22 1
82 22 1
97 22 1
112 22 1
127 22 1
142 22 1
7 37 1
22 37 1
37 37 1
52 37 1
67 37 1
82 37 1
97 37 1
112 37 1
127 37 1
142 37 1
7 52 1
22 52 1
37 52 1
52 52 1
67 52 1
82 52 1
97 52 1
112 52 1
127 52 1
142 52 1
7 67 1
22 67 1
37 67 1
52 67 1
67 67 1
82 67 1
97 67 1
112 67 1
127 67 1
142 67 1
7 82 1
22 82 1
37 82 1
52 82 1
67 82 1
82 82 1
97 82 1
112 82 1
127 82 1
142 82 1
7 97 1
22 97 1
37 97 1
52 97 1
67 97 1
82 97 1
97 97 1
112 97 1
127 97 1
142 97 1
7 112 1
22 112 1
37 112 1
52 112 1
67 112 1
82 112 1
97 112 1
112 112 1
127 112 1
142 112 1
7 127 1
22 127 1
37 127 1
52 127 1
67 127 1
82 127 1
97 127 1
112 127 1
127 127 1
142 127 1
7 142 1
22 142 1
37 142 1
52 142 1
67 142 1
82 142 1
97 142 1
112 142 1
127 142 1
142 142 1
57.391734313065534 90.79050859814586
131.42364925568552 52.02093522866924
108.02132812660932 47.56670755198528
22.315823993136814 115.56032483720227
90.3214633531195 78.33829226735104
85.76376536344189 81.02864258606493
89.53857387249975 66.06893904518023
15.553327664945515 61.15402854359246
114.70119132788855 38.28717816655795
74.9486916154444 50.706085855697005
95.59754770033257 122.7676550054407
135.92895991826344 120.45356821161482
111.24883200547627 3.6960622228862094
8.740350051691436 30.994451224872442
64.11127359360843 105.36312394717875
87.50677150437608 103.72213347585657
107.57046112354594 1.9501878301131148
39.4931461774184 4.647948182805505
109.22248010610308 20.318125315035694
122.91492476252877 1.3685879972209825
98.95458511996681 109.46155844283449
16.689561434723082 143.4654962015886
45.69938283538493 30.700967463646993
70.44482228424074 88.1911723129181
51.43220318441723 143.82683313836384
112.28464810339445 46.03690068582452
70.52734818186858 46.75001559743433
95.83616700227758 122.59318021320297
85.68595980194983 85.83740626273207
119.06407288645546 43.90919976735991
105.21216439577893 58.61662997663644
50.40755297169856 56.39143908022322
103.1503186900755 58.987420409833405
43.33805780478598 131.9512999846227
67.40667405264139 122.254486579922
70.50418555325777 89.72778780336192
131.61055565030907 14.42163313343433
13.36532498120997 81.16512496854861
136.06370996730132 0.19558320130852458
32.71888657617494 101.54660501867751
1.5699803545096425 31.37235151083866
29.368958832645216 88.30857440887262
138.09408794570209 98.24464991100211
29.99163410264248 38.78865893468148
98.33874025604231 107.23522408089048
141.83237448662916 112.60637021501006
132.68597193738785 149.47600519881925
51.998050111672164 134.7920129039581
0.48845922220875915 74.83286013250408
40.716212378452425 87.54422602954853
84.16573166775656 50.68403578692518
26.855457489733205 83.97907879467009
99.84257714133375 18.40187520557326
109.10686192925097 15.027247160465468
108.67169651176953 73.43286762125018
27.727294944189296 76.37813061575123
51.66091501427674 50.773710657360915
130.6258774511476 82.55388627537558
17.029139383751208 78.54086730376977
116.29970006313708 8.672400737332126
67.07294980874994 71.81166266449738
14.704165242238016 134.1921616736745
84.71725939839695 119.90536266445253
110.83716509013951 6.634588878178232
46.16793833739523 7.267233513685767
72.67289132471244 8.259205275223087
97.80713660506365 39.477526884839
116.3071552501047 60.95514459442676
72.58931730296972 25.302544606191336
85.76759384831325 59.22236819352097
18.929185779772173 47.990578970806844
95.55826972653031 130.7829258473417
139.43086085581368 113.22829836444204
138.24848447481577 70.61263667233193
48.31056113916857 138.46973369658366
22.028344813332694 141.27705971503394
136.91705912194647 36.21467538813615
138.72081150264773 142.8162412232357
93.07729117324199 63.53985939402851
138.62046824319168 147.56788117704943
120.97021849029433 38.72136839373349
2.978796215316404 11.373294749276186
8.743113614034204 43.18200945507481
25.74551555822954 96.05715828554146
59.35159583927252 39.73919227186145
134.39181462244886 81.51859652811298
62.92976278723908 98.84622563731224
53.60500019839579 2.9582391632149427
41.19440310369901 65.25042733700751
125.04085454864703 100.92128554536932
30.441172158252307 61.666269821258645
124.51917970361133 0.9903039830896743
36.95782259922578 82.83525626100143
130.12164383152208 18.28147841144948
11.046283055794575 73.19351171489356
121.7351241245977 2.5080245835159163
111.46418138353766 20.162137822821514
118.0055336160361 108.8386027660953
37.77087894086383 125.1027177541315
100.0193118739254 74.07033320110342
