20 20 500
3 3 1
10 3 1
17 3 1
24 3 1
31 3 1
38 3 1
45 3 1
52 3 1
59 3 1
66 3 1
73 3 1
80 3 1
87 3 1
94 3 1
101 3 1
108 3 1
115 3 1
122 3 1
129 3 1
136 3 1
3 10 1
10 10 1
17 10 1
24 10 1
31 10 1
38 10 1
45 10 1
52 10 1
59 10 1
66 10 1
73 10 1
80 10 1
87 10 1
94 10 1
101 10 1
108 10 1
115 10 1
122 10 1
129 10 1
136 10 1
3 17 1
10 17 1
17 17 1
24 17 1
31 17 1
38 17 1
45 17 1
52 17 1
59 17 1
66 17 1
73 17 1
80 17 1
87 17 1
94 17 1
101 17 1
108 17 1
115 17 1
122 17 1
129 17 1
136 17 1
3 24 1
10 24 1
17 24 1
24 24 1
31 24 1
38 24 1
45 24 1
52 24 1
59 24 1
66 24 1
73 24 1
80 24 1
87 24 1
94 24 1
101 24 1
108 24 1
115 24 1
122 24 1
129 24 1
136 24 1
3 31 1
10 31 1
17 31 1
24 31 1
31 31 1
38 31 1
45 31 1
52 31 1
59 31 1
66 31 1
73 31 1
80 31 1
87 31 1
94 31 1
101 31 1
108 31 1
115 31 1
122 31 1
129 31 1
136 31 1
3 38 1
10 38 1
17 38 1
24 38 1
31 38 1
38 38 1
45 38 1
52 38 1
59 38 1
66 38 1
73 38 1
80 38 1
87 38 1
94 38 1
101 38 1
108 38 1
115 38 1
122 38 1
129 38 1
136 38 1
3 45 1
10 45 1
17 45 1
24 45 1
31 45 1
38 45 1
45 45 1
52 45 1
59 45 1
66 45 1
73 45 1
80 45 1
87 45 1
94 45 1
101 45 1
108 45 1
115 45 1
122 45 1
129 45 1
136 45 1
3 52 1
10 52 1
17 52 1
24 52 1
31 52 1
38 52 1
45 52 1
52 52 1
59 52 1
66 52 1
73 52 1
80 52 1
87 52 1
94 52 1
101 52 1
108 52 1
115 52 1
122 52 1
129 52 1
136 52 1
3 59 1
10 59 1
17 59 1
24 59 1
31 59 1
38 59 1
45 59 1
52 59 1
59 59 1
66 59 1
73 59 1
80 59 1
87 59 1
94 59 1
101 59 1
108 59 1
115 59 1
122 59 1
129 59 1
136 59 1
3 66 1
10 66 1
17 66 1
24 66 1
31 66 1
38 66 1
45 66 1
52 66 1
59 66 1
66 66 1
73 66 1
80 66 1
87 66 1
94 66 1
101 66 1
108 66 1
115 66 1
122 66 1
129 66 1
136 66 1
3 73 1
10 73 1
17 73 1
24 73 1
31 73 1
38 73 1
45 73 1
52 73 1
59 73 1
66 73 1
73 73 1
80 73 1
87 73 1
94 73 1
101 73 1
108 73 1
115 73 1
122 73 1
129 73 1
136 73 1
3 80 1
10 80 1
17 80 1
24 80 1
31 80 1
38 80 1
45 80 1
52 80 1
59 80 1
66 80 1
73 80 1
80 80 1
87 80 1
94 80 1
101 80 1
108 80 1
115 80 1
122 80 1
129 80 1
136 80 1
3 87 1
10 87 1
17 87 1
24 87 1
31 87 1
38 87 1
45 87 1
52 87 1
59 87 1
66 87 1
73 87 1
80 87 1
87 87 1
94 87 1
101 87 1
108 87 1
115 87 1
122 87 1
129 87 1
136 87 1
3 94 1
10 94 1
17 94 1
24 94 1
31 94 1
38 94 1
45 94 1
52 94 1
59 94 1
66 94 1
73 94 1
80 94 1
87 94 1
94 94 1
101 94 1
108 94 1
115 94 1
122 94 1
129 94 1
136 94 1
3 101 1
10 101 1
17 101 1
24 101 1
31 101 1
38 101 1
45 101 1
52 101 1
59 101 1
66 101 1
73 101 1
80 101 1
87 101 1
94 101 1
101 101 1
108 101 1
115 101 1
122 101 1
129 101 1
136 101 1
3 108 1
10 108 1
17 108 1
24 108 1
31 108 1
38 108 1
45 108 1
52 108 1
59 108 1
66 108 1
73 108 1
80 108 1
87 108 1
94 108 1
101 108 1
108 108 1
115 108 1
122 108 1
129 108 1
136 108 1
3 115 1
10 115 1
17 115 1
24 115 1
31 115 1
38 115 1
45 115 1
52 115 1
59 115 1
66 115 1
73 115 1
80 115 1
87 115 1
94 115 1
101 115 1
108 115 1
115 115 1
122 115 1
129 115 1
136 115 1
3 122 1
10 122 1
17 122 1
24 122 1
31 122 1
38 122 1
45 122 1
52 122 1
59 122 1
66 122 1
73 122 1
80 122 1
87 122 1
94 122 1
101 122 1
108 122 1
115 122 1
122 122 1
129 122 1
136 122 1
3 129 1
10 129 1
17 129 1
24 129 1
31 129 1
38 129 1
45 129 1
52 129 1
59 129 1
66 129 1
73 129 1
80 129 1
87 129 1
94 129 1
101 129 1
108 129 1
115 129 1
122 129 1
129 129 1
136 129 1
3 136 1
10 136 1
17 136 1
24 136 1
31 136 1
38 136 1
45 136 1
52 136 1
59 136 1
66 136 1
73 136 1
80 136 1
87 136 1
94 136 1
101 136 1
108 136 1
115 136 1
122 136 1
129 136 1
136 136 1
84.90228563625797 62.86732636826803
72.07324141034209 21.179304630869655
134.22786535945087 6.877397240278343
81.60469046751655 148.17870638162339
125.46268279072176 86.43400070117146
148.56280640641714 68.4990391488703
78.093669506248 98.7370377948867
40.910958257278565 147.99940935795672
71.81523299607709 7.081623411342108
122.07572394120874 5.891204633743808
147.3863454567072 18.30409462336517
93.66863837351545 118.32681967654057
33.060223375246856 84.68145442706376
65.97297245962899 15.738700572201802
53.62493190845928 9.574075598349086
133.46898110888108 42.66524909091582
17.507200834355697 36.85592003432543
115.28198040161622 90.28391061128153
26.603192395382912 111.21952627209302
71.36468892095739 70.34400648264078
134.6364733339466 44.05456563044865
65.3407271251076 41.657635192222244
84.15670785706513 119.31140708202871
94.01914827905206 2.526961341082984
125.99225779744361 147.65985753674494
39.788372144608914 0.10323594214907694
148.89122595797926 4.1152332352884455
32.07912638983251 66.75622940665933
39.167408262563555 95.8134862696906
95.31973825138711 58.37945791229867
49.342867816117675 129.51267039865752
2.1209466865115822 67.44502960840926
102.7790402810617 42.55510179333016
106.146087047947 7.921551452538217
67.62677447753097 99.77096934697158
108.68558008502605 50.203057915116354
110.86666309446342 114.22968688117959
125.67457916240744 104.81988718818373
45.83203786497543 120.75947723985193
68.47062188921227 104.15922801823852
138.747080833356 16.87815832822752
99.96656849868926 73.72096469864854
19.637093212781608 96.62269034384619
5.518924083182252 62.2623921805745
131.3762079002903 65.43338750210862
59.1298020695759 121.50424927707347
139.06141483316063 11.992274745787945
125.67533819656657 111.88552065854182
7.062685444718686 104.72936948470038
40.67168737521517 74.48650339244358
135.3815357243075 98.65008198567541
78.76735663499845 15.201202661892864
95.09203765641487 88.46282149401921
88.84931592286172 123.94555111654125
72.01995583348784 20.489898292844227
93.93448473677371 136.28999184058102
37.06133727662918 131.4932390092552
21.81827099385417 119.46831699310138
32.95970225922755 22.373670560313148
21.905619022857074 95.64390207678758
69.89603295236303 128.31370324178496
10.72734101961726 20.713210186246776
52.789044297361 23.54906275031113
48.076497159822566 10.19621671245708
54.132586982089265 31.32579839124338
26.35258888055951 144.41465540102402
57.3672010803826 138.8463562566563
71.01445400981174 123.69047131791474
60.33405812437416 71.57340157277619
92.98268199789877 52.504823165257946
43.15124124437673 1.3311154755056842
10.799436740194746 101.74204629008484
125.21266550056366 130.57862053674114
132.56781240565778 81.62271053562111
97.97716560358722 35.166417014970555
65.22310078133235 104.90615645946856
127.7808311592922 99.71034313561239
144.87231138469426 132.37441714770287
17.37846254903631 136.4415826095425
146.34313910081585 49.31466383903557
133.80287656244312 112.04612361627066
95.00977100767129 124.29184685235694
141.02352856891588 92.5905200061338
94.04888372009891 138.36028336213087
42.39915711671874 54.13083135265567
37.66783530120087 149.46032262797652
21.57690423556592 56.55416458389899
9.885440448089543 1.8097997933736232
143.37866965817386 81.48326720439347
62.23821846515408 37.09948098391733
102.46546272165715 61.79759116714334
138.78073365856014 15.401277902619226
113.31347527776514 107.503570314493
47.276461255118996 116.01865169097182
25.621045555391476 126.83494817424611
117.74903556631006 124.04028092101686
72.42902466405604 42.945376705594605
103.21652750379215 111.28142128982418
103.26829639815828 86.50085725254816
101.6902395457443 24.89032741092038
47.14041285603203 110.55047076541643
116.87326137948605 73.2603537229504
55.15603182602901 120.22709774973737
81.80411021321171 20.17412904268311
97.22167563705844 49.77660770543594
4.927367318241277 16.18027560554014
47.45652053886242 79.12538841995796
133.88859518277158 108.75187144447676
24.84575828717448 141.6807917134681
16.17154793863204 113.7831905849761
111.61446455781648 27.51971115666257
149.03799945730646 116.75064009474853
84.47509913402875 49.714897756930775
108.01752071956034 29.455670387438648
129.45878865221297 33.75858793680156
33.88669835127519 135.5492347139581
16.66373972117788 56.809886166428335
99.33457267366376 28.631872647393497
139.47499195261932 131.80888072677558
117.89230275280536 28.090153056051204
28.597981328319282 105.61757666975649
137.35075172086476 116.33843255135885
127.31428322489299 81.6947304800382
44.09021250618913 39.778496024853496
41.36550234524924 0.685382120957434
57.0453479642166 14.245190995261336
19.60865445593292 87.88257172188008
131.2270568660392 55.99873618156767
99.41960121612021 37.95735136103931
52.10646256137207 23.785059887663124
17.07613164318669 96.24937248128346
70.06100194344246 116.44304367104844
34.21040293503786 131.18395490952335
119.2022063975658 35.604624035109126
107.33272300882757 61.11695771792768
90.6227665623336 47.18883399621877
136.41565965737652 94.6421308322705
139.04342529222646 0.01048082339171752
125.57527391670035 134.92142936272958
85.17083225986887 149.24349308786833
14.348805850344393 47.888643530183586
23.215978646268915 34.321756224806784
22.66527775514382 23.103111251587364
34.45812939769936 11.691675458710815
149.23305516624018 107.65800605330234
132.50257066730458 88.2368327466569
8.438275638500448 126.74969579976673
32.47558803214417 101.42382738899668
15.29276646290239 111.45274163310407
52.065094064924544 117.41666834758671
31.39796676457153 63.50017910139668
86.94724691191222 17.798431651911905
128.20475340810003 137.50831380839205
90.872552765043 133.59497850360276
44.05457255762287 67.56498117618786
31.49994581193944 117.38501096574521
27.85904672634668 28.86003487533717
94.14727619131327 144.31828308675276
71.93641444717709 122.91487045710015
108.35202398697858 46.068966506575734
103.78128308350342 34.5220618804573
41.02945241868306 114.014174230518
129.06613144496342 9.054293279001897
40.14721482372846 6.944530057730569
126.61448188880827 81.07825137061712
47.942306575755126 136.22064407468997
108.83794402940845 31.75950241387313
55.51865955861091 80.83872626108703
132.34712148095934 88.4178292839496
61.8379508601537 35.67133239977846
21.882064138955048 38.54576682476001
87.51785260655657 90.05238444106817
148.8680309359489 148.37400429967616
16.81585520355845 69.09794777932149
112.86330693019751 37.728876706561444
100.74971106786175 23.314774285908562
132.56216669765766 4.419872569944455
21.12854553937022 5.673884755373676
99.07790287209286 128.83969947316157
148.01068411545413 91.53987476418757
9.735408965990633 12.610381096345973
68.9967100407982 116.3696168860396
93.31906082372093 108.04130863877687
13.656886562725635 23.25544092037711
118.36758868061138 44.52106516342657
101.1615936668014 50.16819517608408
90.92125813369614 57.41472796957279
72.3676835216447 137.22720802355653
100.86768271632701 108.92776391909499
77.07122300992938 42.30698804025197
94.82320284060526 77.45698133858451
60.52912748767782 92.90874437586801
34.29567129829622 5.526688756290799
88.23080000905753 135.64679858447033
29.91779295396314 15.748312658537028
109.07652178658732 65.1499616005163
58.86136436629462 7.797118995536528
33.325388454438674 67.61308848659982
67.77132830204968 122.35586286380166
135.9545324950821 62.31780337281795
31.5563481437829 6.210569749505391
139.06468836542052 23.080272574728745
149.5166784728913 140.0876582648742
142.59028010029786 82.57215810220181
51.61088705138912 112.99656609918202
42.15364352919169 121.17858325018622
32.62024738797008 82.01480548225246
0.6087944291843561 14.036277319267693
73.26604380240899 147.83946838868272
61.51034107609892 46.239052491557764
72.25229092497811 71.59291649113297
93.25828483985357 78.94865831965127
110.80802814004049 69.05424267312426
24.791249211459625 38.92157212180003
51.485857880130645 127.42943425146876
108.62077658685803 6.564233602328217
9.979943962697051 118.90621629704074
31.11918624430286 92.08573618703612
113.91059367557821 52.69313257280893
42.30290089635557 42.99093345735934
66.27794728300087 42.45973486336621
0.6378864832949638 71.67693597622721
45.530661745573866 120.55547667959073
49.85997409821109 0.14318678854383649
145.41553418533024 59.61847974340767
51.5580252971856 77.99021929947978
17.55985367106085 27.25890903816659
129.5810588557902 50.14118164709746
130.83434813096244 5.61576432522774
94.26216254076526 5.5864492649097315
144.20223539418626 97.12565888888055
15.398006074922238 74.44158872598422
38.2045302079629 79.18915711640663
146.0786455632219 34.227721967237486
121.12245398308013 80.25764651153622
14.709456399116522 93.126614189656
108.93364059985686 98.41711677929351
116.64689403711081 17.932044245291035
67.31315317751634 133.0217748478272
51.087246842935876 73.93631071293069
75.80381094434017 82.6231124911083
32.731821161061966 67.51420966382824
63.98753264129626 81.72104862544117
78.05834596201018 84.7263730064953
15.40973209990098 147.9438364316495
82.40517469293336 93.72841697002545
44.842378688157204 70.24262908664211
136.6999431494892 18.558245838225968
78.66128881139396 131.59880044179255
34.7578470590748 49.3062542312617
27.47211127728464 15.49861117995201
142.92302703890343 109.5134370771748
142.78476923178357 120.81504274946604
140.94393372400611 118.54297944331532
8.138041645476141 72.25208124652076
64.14529061340369 59.41765313271261
121.88785397778136 67.23479859567296
17.349470597475303 33.029165227828855
140.07928730897873 93.34293134702312
66.12979654772069 104.01740004359428
71.70720422632344 38.0321320584045
142.40378275534238 76.42962860479103
64.17612849269716 46.480202306400194
41.68153320150521 142.7361025909042
141.39187079250618 19.12672976758789
91.40451301655055 133.12911814895708
32.346040059622176 26.495070860936167
140.80635780139568 85.61900732281345
58.177257342437976 3.2067000568356874
46.09050770239368 99.82240404827733
101.3014688967384 20.366886603226845
100.39379155785625 103.19346318398162
111.66709903371836 12.382471431945497
67.05118690679598 77.83669054507328
65.23142719706604 53.77674664030651
28.244110188216347 26.18295052103023
55.01526120150604 17.20266311530668
92.73483978252693 105.31957774123575
122.84862509810178 142.87597518912068
115.5618604256121 119.47932378841031
100.18829827054884 129.3691626259369
65.23204479574287 75.73061759453572
135.92594018644945 100.35740531117555
57.3411649857252 84.5246480409201
117.27322335970513 149.0030053600125
133.5075655561789 146.99151415652946
116.89109775074719 137.04823207005936
116.95716105715792 76.76040729507285
80.42810302250261 5.701954714021051
143.56261573207473 18.767289128370074
82.94208234312156 5.922297709368668
63.57971849440999 23.5247206562015
103.28311149256898 37.910908705597244
144.0749834505425 35.31690831545348
102.52537928019525 99.68268738789405
100.0146872151467 126.80499637993336
148.23395849275943 80.69569034381023
62.56497285423612 43.011790759051785
33.779486054418115 125.99872146340735
12.797651527788206 113.46558187499188
85.60172532014349 55.886292934956586
49.54721996660352 0.5874158063156776
103.47204087624708 116.90429399405183
129.50877213554122 103.1325087071168
106.45840169420272 13.578347588537143
127.37777148153641 55.64489248791713
129.80413425839328 20.259882597330066
6.372848685768839 106.22008931961454
97.83430072966694 70.49938611906593
145.8219844775046 68.00891756399648
113.84238537235557 63.24059553749591
6.712951657967404 88.57405366241113
34.12509916979691 91.47762485135864
14.871624062501477 13.050068912640956
115.00545856377548 128.01107955528474
120.42856060977125 86.33317867988421
101.13151922658786 59.11405466042132
124.52018480325026 0.5871779870943783
92.04675340997119 67.86685560063036
37.39174446478709 130.37800218566153
1.0423080036023047 2.2827799561964737
118.14679194268598 72.84150255191406
77.58581106317772 120.75274533652107
97.02056097646025 119.96013927526553
130.98320598393488 121.05771941403108
6.1875189237236725 57.52359013617401
100.1222293913063 105.70747006568568
83.91898154943112 142.5141802606144
8.508227960540744 149.35774781201897
61.34093060259795 121.7611003361599
103.3534859627175 10.628262466159038
28.498832412584473 143.67977360688923
103.54210514003023 4.393007007981997
40.14253087937768 62.92986619780179
60.79448996134076 10.505292160998453
94.94307643571413 34.54589915785305
91.85048552296452 53.33696814718009
63.3100260824513 121.5075647686924
135.4926739432934 110.36752335259808
135.74622331722435 106.5754543635718
149.9949153873396 4.126893370212925
87.90252829706893 58.344380178181865
88.33436843581846 145.2237671819616
86.08625462192065 5.6085370827305745
83.48389233198122 36.39226615874566
97.16274463221703 91.03382399022078
116.42288492530366 54.61696736310866
146.2691028378778 83.08785052834563
75.83695879404598 129.895815224684
121.62786779138362 22.383922249680694
142.21743512575256 111.66932884486597
96.65735394059126 27.852031092737327
98.62633838508107 51.5249015465647
106.06654927238431 121.06428601082625
133.96112075588735 24.481981832332995
64.65984696459596 86.47997949836243
44.48327537320309 83.46272654362785
118.82416254408732 45.59474376849643
71.17345372140181 95.27723399920866
131.05867734273397 66.91258324879648
101.59029233028166 113.59784344230452
143.05165199266972 148.81016191323576
116.76872296358901 148.22670459478155
18.774675098031153 20.73872327250852
76.8664577372407 104.73842979496128
43.073138888744325 104.18751134719439
118.74017940264355 33.14168622145781
131.57993640153254 123.27442701688523
145.1735867715682 126.7931051558977
72.87565664014434 29.358553614242382
103.79275537173777 107.97335234194527
124.25609303850726 105.95638916451188
48.55068155932421 67.80786978630411
132.09930833247117 149.14061260825656
146.29380092401072 101.99745067385709
92.28857312758902 79.38343749861176
32.417870869103524 71.36496759323789
66.17111756754943 127.22860144396827
74.22221344645774 117.42802011836744
107.28584874426025 138.56410169300287
56.965246643042114 128.6058701796616
7.417719469389045 138.56893139919782
20.053237967256493 14.607451611056105
97.09499118069364 73.35193605587116
44.884583744277045 109.67524426390685
92.74702437497811 32.88696054908286
74.57690036758017 59.591181786472745
82.53846274781644 139.07233012093818
123.07959289938222 93.67452075694372
25.186905955685702 102.55192291943408
139.83220472680824 7.953668710298112
130.18724069418911 117.94841905261629
34.60722029391684 120.75913999522577
2.7004239602874955 137.99104981168912
146.04651063016547 37.778624123210186
148.74351688033914 29.12480047593299
29.660738746746507 41.0789518491645
122.89455981426576 26.77424202158415
54.26605148476952 72.39405570698788
48.22656039235132 141.5261513104541
74.2139317364085 57.07208971362539
5.362821736082868 100.23574137437112
140.66772947788533 40.551580065801915
125.10685141605508 137.05591264031722
70.69459325196196 109.29989565897613
23.688703699577484 124.27152247596455
66.57663543723072 30.99111433246492
22.02462160020897 118.74035925198547
40.64344660333975 79.23697181076179
100.45876052256321 118.15574657729222
118.71206779121155 82.09631368728374
7.071558316219317 66.41032704237419
81.32150709949774 101.15120683709064
76.87090283151288 111.91677395546186
102.91538266442531 118.61637756246046
50.95582645731004 112.94110418403196
60.35806311203123 81.52314309200594
108.75276301405448 146.41374877000064
53.95701122873852 104.74268544467064
144.03521714202512 110.72630148069422
133.0887267655287 132.6203040352325
75.29350832485545 141.97875395791468
145.85492323092353 15.77465706901615
122.53046101742163 8.25329724123417
81.3283396963047 47.819956724856894
142.1421318848789 135.8084151339058
74.65851422082503 78.545703566074
48.61606640236958 90.80688248792731
32.48564214816513 55.6620415012259
123.44636730353383 23.038372279920022
109.51167904675646 33.8902952317987
35.16647531932793 135.34916787527814
111.541798454208 16.865549817409224
139.09846492129498 135.21329270189105
116.98792876677585 73.32398745906686
98.7215945725401 112.12920231980515
41.10506221160337 99.52291065717279
27.00226288203551 65.84941946143238
102.7386168246602 67.87822171866905
80.39321471910644 124.46022264658134
143.95514739224603 17.64248839393643
4.410963018106523 94.09238874649455
55.848026448456174 130.30340916662647
133.0561196086079 54.574121427642154
23.848044449467015 102.97736175201517
18.136952308630093 60.356347768626065
62.44608903599605 76.33751172206648
13.808210170004415 127.22757478175878
23.672053332675546 48.17048811891817
137.81782687126878 4.173799467655137
107.09308278768249 105.24698093757135
59.296663710387136 4.167609575015035
30.9958520509836 6.459806479959262
12.272485187195697 31.40686247387881
34.804117527025355 119.24420956492345
42.36902614407396 113.12695042061155
77.79877665790475 149.42370352843344
5.903798570836127 72.93487217485846
41.25765058790661 14.708090756734277
14.652112378864812 117.21347847885289
117.29663550110548 59.51768869780057
101.83462636593669 5.957106423829872
131.11317726778108 64.80119081765453
41.95678107453813 10.823818589353063
43.80225348039714 11.762728444286108
14.688009082508563 28.381006171804678
47.2827576479676 66.03412602448311
51.97309863757692 137.71914859531847
42.69932668560857 81.2298609981077
134.79903150198595 111.30344061722785
55.57221458563953 90.78810547140507
105.04564669582689 39.16361447349153
14.396853223374423 0.056198207546359624
6.461725853154593 86.55579894462119
39.4585146563396 118.05167158945048
52.952089286955875 95.31536516213482
55.27639448770175 99.9553854319987
23.669436264861005 141.92096312872644
45.87990981956969 86.40067260776092
32.907204912257065 38.11229450180392
84.30561555278733 124.0332551524486
39.315267641375016 118.46142057568557
49.8430761657085 71.23498239116124
99.63937840546367 130.31784649365557
68.04453275852339 98.4178088914801
69.53196542920749 122.73850163924182
103.0660013097361 95.73277080067807
98.36606744613877 37.732532517617976
95.01537184810066 116.8983360703742
10.293741766845283 7.5895549984587305
122.72383312561426 47.7537096083686
47.14041253238912 35.69579872839787
61.38272881406826 107.01712693258735
98.93236048805596 127.24485816680775
43.450420984710185 131.67811125300238
3.3373142719975544 38.13248674897534
113.28704891536404 96.03582003278484
129.013609060845 25.692650528218074
96.32658738708058 32.53565722759496
16.679334926061674 131.09064333619088
