10 10 300
7 7 1
22 7 1
37 7 1
52 7 1
67 7 1
82 7 1
97 7 1
112 7 1
127 7 1
142 7 1
7 22 1
22 22 1
37 22 1
52 22 1
67 22 1
82 22 1
97 22 1
112 22 1
127 22 1
142 22 1
7 37 1
22 37 1
37 37 1
52 37 1
67 37 1
82 37 1
97 37 1
112 37 1
127 37 1
142 37 1
7 52 1
22 52 1
37 52 1
52 52 1
67 52 1
82 52 1
97 52 1
112 52 1
127 52 1
142 52 1
7 67 1
22 67 1
37 67 1
52 67 1
67 67 1
82 67 1
97 67 1
112 67 1
127 67 1
142 67 1
7 82 1
22 82 1
37 82 1
52 82 1
67 82 1
82 82 1
97 82 1
112 82 1
127 82 1
142 82 1
7 97 1
22 97 1
37 97 1
52 97 1
67 97 1
82 97 1
97 97 1
112 97 1
127 97 1
142 97 1
7 112 1
22 112 1
37 112 1
52 112 1
67 112 1
82 112 1
97 112 1
112 112 1
127 112 1
142 112 1
7 127 1
22 127 1
37 127 1
52 127 1
67 127 1
82 127 1
97 127 1
112 127 1
127 127 1
142 127 1
7 142 1
22 142 1
37 142 1
52 142 1
67 142 1
82 142 1
97 142 1
112 142 1
127 142 1
142 142 1
39.95315389381974 32.11304676769377
56.50172459868645 19.504723624628912
83.32914057394291 57.62549594064342
86.72491642804457 130.52547478026406
19.791485520272943 106.02080450769466
77.78260999711306 144.43287166184197
23.425967232116502 59.65472164217104
123.33103492516872 108.64841461118996
146.20678723687308 55.49250442183981
61.2263192967091 115.96671715437327
56.36334575267077 6.411504426695547
90.17039408969214 115.69912385201663
38.753126199916885 110.08410880281113
31.30574137749944 5.036669962279772
63.74979975720971 96.8950795459274
99.96359932967145 13.649492056349139
2.6965111503097052 15.844161613533403
93.71220803254879 45.01523595302877
42.314742582213384 141.93964774252288
43.15683017267071 37.27527976531814
42.403238811157244 130.73126916761055
86.23555745334822 11.6173595686124
106.87069923118153 94.43302434626266
130.6840645465282 132.67906889892154
30.78301972895656 65.37358434503531
29.90971165901057 60.09891774824085
145.0856299225367 29.193625592800732
45.73880031175661 109.9619972438833
138.36427379602202 107.04757354666755
31.86259829274473 80.21639173581812
59.61516603210003 35.096689464445056
148.5527771482725 124.49324640320796
106.41759548372669 137.47144439216103
15.337407756220895 10.997071638061568
86.90732030032535 104.38808938718195
39.296640353150096 14.475630918470973
48.84542686195294 31.348547626967004
78.04806896354928 55.903227270539396
70.78265397183229 19.864935924846527
68.4718749904383 72.28704946247178
143.47804866113862 94.46591930720548
25.71352265451377 129.62329156896888
27.485078217217808 9.808153392968165
60.58681195925431 1.9427074463778948
96.08316887961168 123.90817524700451
102.73710443191631 127.92908404343837
36.647186668095905 146.39647283692375
32.49625954279415 37.09016216775908
81.25673008382807 57.81518601119807
89.59576987784872 22.852390675954197
49.074781177441366 90.35798283703629
26.018223086169222 36.39384631585667
130.01581988367963 50.46794193899905
1.3523002769062875 90.25978591068811
106.99450885371246 92.80248403378805
2.4582910932711033 144.30473855434252
86.67099247135272 113.3004461902034
129.55601470311964 61.04939400455864
102.21655106649958 146.37867385840863
73.36226380035563 130.89950643106087
11.323144930360767 132.09814602227644
52.45113800901148 115.67941593082408
71.65125075512732 28.47465468505031
107.14329197416194 135.92027836124984
43.523428588748345 86.91431265569459
55.98820118966847 27.926971677535544
84.85693719028097 61.97342788437204
148.56185076979656 147.54372762676928
50.81406226520312 41.103255527542316
71.14399556214518 141.2876188067561
69.41226324970053 103.71087186145286
144.60976263903885 72.7763250203011
100.74848838566164 66.5498732143122
13.622000477187669 144.54781393674824
3.1476063161137824 103.02481330572103
95.30823899245239 12.495689833598467
4.778181250142288 9.197970844385017
148.61089557516294 102.80859131180655
136.94570649817598 97.15737640547792
148.55108692844152 37.81325764706392
65.6689618115141 22.03607170277318
109.20336538059064 144.6859415019942
85.79034059243163 95.21962257078442
149.36456534909746 17.449051305933104
32.33871344338484 108.64742328285517
73.57662468477727 99.52053375829838
0.4808239820780158 116.6695367752251
87.81142655100273 13.736470298528298
111.76426513119772 61.95829579256435
85.01962872046376 144.36439359394112
38.44172007708496 86.27751874263774
103.34997933398616 43.55421461097773
23.344548646499902 16.732015463928025
136.63197939621585 10.272954560622892
148.34180705804638 128.6861193591448
6.200176258439827 51.907861912758825
133.3616094816987 43.38454150373695
58.01831730844255 43.924069076340565
30.63919577647746 77.5995810960054
140.52198667153348 80.44406886012814
119.36005473803051 112.07780651083293
117.70767953651264 124.62360585094316
40.07444989876955 103.4804103049218
35.82078153582942 17.551498493085333
28.60671828653732 59.1669861949505
148.59375902771217 48.81516858641153
87.72061402997541 55.40350446615215
132.37511773882503 101.67935715854304
96.97996229512732 49.91037843648688
83.28419540083408 143.95514437627332
143.39654649309628 12.657000257701279
115.4473457356545 119.36831553724723
99.43922229597749 122.56730340794581
146.55780096241025 149.2972888235894
4.67646991879187 51.44672295581938
21.24487050501434 95.6040171271248
78.9191023650778 108.3379017550679
78.44177259556398 15.211343826516105
91.96772721059187 57.657018053473756
111.69239436612295 76.90783147509177
19.529269482401084 76.97367218420537
21.7966396071914 40.12361802332606
102.63750454143447 57.6807293739032
77.6068474398023 71.86520425692434
69.11328894399696 39.44870720227217
10.54108831824493 24.377673833524653
102.92631552382652 20.55512900182506
144.16446970817256 56.44869802673403
146.02311403254583 111.19609166885836
25.506530950592172 66.11393285819935
88.80828110929146 16.79024727076135
141.87293844758514 24.834397480781444
8.374361866825025 53.04292477640097
77.24630214482565 127.5671956727841
134.7072988348099 90.16770088271225
107.15082523363999 2.8171067349045673
146.48672034404012 126.60844798861375
129.03986101632685 56.40291366271235
30.48744621973853 125.16239703873686
17.692119614710734 46.156980286665245
77.30980942431296 104.16197000676871
141.28345216291285 30.837287244397416
34.076980428553895 20.741416018720276
54.86301233409237 77.97974854450474
20.388934679879384 100.21460385420528
96.25708398387017 37.702254296256825
143.66688067889194 33.03787312086799
56.83493187531809 128.42034986302008
140.38690196578816 121.45229461206705
3.247229613708419 65.13296221505459
57.067252576703645 95.73080174634443
143.6364673890905 140.95261248471374
109.53519744517953 63.85335286308107
17.746250907226045 69.69020104186181
130.18682989706477 138.75909477007434
81.32818830745835 111.531763999086
42.813726226745175 47.16870795334931
44.89919491453273 86.0143637813008
39.024800704540695 19.006523508713958
145.934874245886 75.76333066281938
62.623133410798694 2.340064347838733
71.74995545079145 107.374074105482
115.59467344387389 100.43116910901284
116.55598202801389 34.60820859815226
0.7018555911062929 88.82162806237466
121.69512878475723 142.21232091760348
51.20297959855712 77.09600599465115
37.62112515054067 46.13200471028914
148.56551177571055 100.81959354576676
64.5659483993537 25.05275503867227
3.3249476056674943 123.20845959819017
35.58901359265279 33.52523188486944
124.37196418129528 7.11426958244531
132.27933468887576 18.691675775490395
43.22805878938228 8.61208226708391
62.543725195666795 18.943925532655232
63.87001117000764 142.06500441420036
52.69058405158512 48.11979335808625
60.14417483493686 17.261837387102364
60.74234481763681 8.112294636937934
146.33714525860432 113.17390340015699
63.82936052037101 53.475523414086645
143.495372932246 71.62751025858465
108.83514306537104 52.86728795996156
80.98806307366812 33.003491931835896
38.852882123740834 86.81393242966548
17.483802660750108 88.4072333769233
62.98377521091729 129.73985108938862
45.999828369111896 63.574703414767804
87.3598125664456 116.6244448838675
18.10584633301261 110.34993804860078
55.19932225394642 77.81901944941758
11.238326538871757 102.3082592800117
15.038543830576634 3.208018858264933
70.23871577680916 102.51891391505727
121.04275061797635 86.9137428472982
146.07123327754488 119.04710556828248
111.37453183000294 126.30287712571928
12.894438035473716 85.55362210510225
94.5255261006577 126.35904300747035
34.73335012722737 46.89063251584915
34.50162133762566 13.557750043708443
116.58819851260101 123.03905165514395
106.54324527401315 75.72996087507059
45.46588997102102 123.86622472020935
118.95279210799407 30.85129887999291
61.269010885653984 2.1070667013357025
12.845844275534185 120.45072336357894
67.04827674465783 109.18160852268217
63.60803192706982 60.40159731933458
102.23494030597301 16.094622993523274
143.54518487886887 66.9278322083152
72.47680542934819 142.46528229209548
94.6025288187123 125.00158232734395
135.51066682421632 146.0273774384974
104.81682985575969 121.5334528279219
40.131254108978645 146.79335814321908
137.26767182915705 39.42820396500126
95.33297490626431 57.7788185986322
66.69938466455696 72.50448758534861
72.52973916762242 110.85296453929061
24.317206165446812 77.03155189622464
110.26493007096009 149.01735182894106
51.98697132007685 148.59993696792932
4.206002238276108 123.05101266639365
33.114238146239735 116.6269037920398
58.92843256368633 92.4257305876979
70.49359724039637 7.736986600785673
57.93622255005922 143.40007126942712
14.099943645238655 28.673752117841683
86.53568802630271 67.51181623503574
60.27353173809457 143.90173436272838
20.62754312971073 44.40834882553297
6.906651750189397 88.8545826430766
147.1358046782727 32.67642556100291
143.18060623408627 25.79363123651625
55.969481584993005 35.250935243384866
64.95049281084859 106.70469866848151
14.59542310016383 97.54145726477117
39.760277303339706 46.14733316161124
116.24042278974595 88.46169175062374
43.083568318613544 22.23437865301597
22.792948323916278 117.22085774968495
49.07553293807383 126.33995583528154
128.49360442143922 72.32412306767034
126.325582891393 72.37366093349324
59.82871953879294 24.806423240602538
124.27144799552268 119.44191655901156
41.011673559490966 73.28246535909167
5.612967923516232 67.46769376028651
87.10034140375615 40.802844540881544
53.38980390918128 55.96419039239364
15.468621969844442 70.85408041374228
121.88948519213196 56.580775003229604
52.27274953908673 44.143192588724276
104.19856969480117 107.70717595755828
22.231316019781534 77.1226010906734
109.28560134416512 117.77356414916542
30.409609331078453 15.57356653554528
62.621406789803615 18.755285307829062
141.382847575316 3.4881815624956403
103.88421990321177 3.242076529255622
5.514431471183817 130.1686978932708
4.8412384603535195 112.50020727066345
99.5277814426741 64.03279787620112
104.00161627104951 124.9513329621775
99.59029684792448 76.46096657553457
33.438750543747105 2.7546890054916675
71.15520637116613 76.8299412442517
39.792571659954554 36.74315545463728
97.29448238835788 149.78330554956742
112.96551054458187 12.813482045406083
71.04418938360878 33.43346943765946
24.596023686151252 143.2001992661504
146.58745924202879 6.501663290256776
45.208627953798214 15.394449635779573
120.57768594202936 106.8488349495127
122.02410558234217 101.0923394697779
142.10190196771768 91.23393257482701
133.71787323576544 106.05166774027232
13.13594689166846 99.1914126955373
93.48467845256458 146.58304497548528
138.58284647873919 112.71763907697682
4.74449098945548 55.405992652552264
138.90177348320935 149.64693152959694
149.27707914709578 86.97263477314381
85.60734471372756 68.81137384594744
97.53645715785511 15.268153818041108
28.62662890832064 44.196326386752375
138.5627306080777 41.86337372990355
52.26335847202008 96.68506612934655
30.015742982876898 109.91411203657245
12.587444659322772 28.913507698300485
23.95318559965957 114.23308222547445
103.53256703756847 123.2723459065666
32.80587737769159 91.54414816799218
38.8130758410061 31.382702245212933
6.2347210069134125 70.07247701406166
99.68852390442088 73.41106313610089
86.8784192173383 81.02305201490819
