10 10 300
7 7 1
22 7 1
37 7 1
52 7 1
67 7 1
82 7 1
97 7 1
112 7 1
127 7 1
142 7 1
7 22 1
22 22 1
37 22 1
52 22 1
67 22 1
82 22 1
97 22 1
112 22 1
127 22 1
142 22 1
7 37 1
22 37 1
37 37 1
52 37 1
67 37 1
82 37 1
97 37 1
112 37 1
127 37 1
142 37 1
7 52 1
22 52 1
37 52 1
52 52 1
67 52 1
82 52 1
97 52 1
112 52 1
127 52 1
142 52 1
7 67 1
22 67 1
37 67 1
52 67 1
67 67 1
82 67 1
97 67 1
112 67 1
127 67 1
142 67 1
7 82 1
22 82 1
37 82 1
52 82 1
67 82 1
82 82 1
97 82 1
112 82 1
127 82 1
142 82 1
7 97 1
22 97 1
37 97 1
52 97 1
67 97 1
82 97 1
97 97 1
112 97 1
127 97 1
142 97 1
7 112 1
22 112 1
37 112 1
52 112 1
67 112 1
82 112 1
97 112 1
112 112 1
127 112 1
142 112 1
7 127 1
22 127 1
37 127 1
52 127 1
67 127 1
82 127 1
97 127 1
112 127 1
127 127 1
142 127 1
7 142 1
22 142 1
37 142 1
52 142 1
67 142 1
82 142 1
97 142 1
112 142 1
127 142 1
142 142 1
89.14659232942742 111.71297339239317
62.21864799655131 0.23148037292287094
17.198217981055848 25.764871056473105
93.81430605146193 115.04446840104103
123.96714774456673 117.33555402787196
16.930606897165205 92.46500261587887
0.22409254045438476 20.867454227922106
78.18568664572952 47.91589747261011
47.753916206560106 26.294306607280244
24.418852967525957 28.46487841190602
56.16693816732919 66.12695561362648
129.68463381849372 20.811924452147096
139.70720865240293 65.52557377499647
11.630912824725225 69.00411538906997
13.573863007026565 139.74266840556868
128.7370457565987 84.79157350980849
27.28669665757045 38.82857500033993
86.4629709028872 65.2667309720128
98.27789799686526 80.91094873543567
35.985004227631926 73.44616542752547
39.981338147816864 102.87477404748931
82.630170712643 133.9418548032948
65.03330791375329 20.82824642921466
127.49174887449325 52.202491839456485
28.08415292326017 76.39238666529253
35.60509081944821 48.74068420766492
88.2952699406722 126.17693800155439
18.309873545501176 110.11813848319542
125.5983612794599 87.62443685182966
121.85047247586053 100.43154033679328
26.5954077867326 89.7419274852033
76.92953050718313 31.188659659236883
46.94889346944011 74.98408566915076
49.37054361934821 32.35948950896855
15.418284486166412 127.68754019311224
10.974434407051914 142.95237363607464
15.363234809352171 145.1260076863719
78.33559650110256 44.49270845049931
33.8229681865875 43.022576570450724
33.471834679862496 84.11964776680375
23.612047749462228 27.87644021495647
52.80757093663798 75.45778763038612
94.72846094224795 93.49833967645235
124.87277310928916 78.71202715506871
53.7729651257185 26.85588639833935
23.562814822481354 106.95103147093839
37.42169183095767 7.252353474406159
113.90782392884546 148.41326022603658
5.973048161538852 86.51613315012253
13.384797442684038 83.27156936390845
38.409139154495236 115.79572498238483
7.045371872257078 40.66931327762081
114.48133481195954 44.29376429472125
120.89165302957448 23.879691954397142
77.10053029084924 46.46261635266913
61.52613959718277 58.194708445457344
63.61083974064256 7.729596112656928
102.91477949399747 141.56144043848545
117.35794420752879 62.94529697795887
36.304494822039935 53.02035231778046
68.56710286399513 40.91628109266857
114.27396269992543 103.58886232182563
43.5157406992535 146.72870007663448
45.62879616540904 105.34673066296826
77.0219950444124 104.84024265500067
37.995720853369505 44.121521457141874
48.530395361840704 148.2222404735609
134.352090010102 107.36336280819233
45.39670302759802 134.304999716673
52.1138676838441 146.12078755820343
38.498600018857424 77.92631006580235
111.94777141569244 91.8311479315803
78.45726645011969 139.29644999083882
52.632427308807735 130.62241323066252
79.00804032953359 137.87127595841233
10.458520840123697 89.53703002180167
59.2099443048673 50.34775074776683
102.46843088221813 128.1240664092777
78.70153870572582 121.35304925895795
76.41530005828207 11.07685836711672
61.8419634647966 141.01247203786016
7.13757070115078 109.28745990417751
131.84031242820575 82.008715893619
111.44064005648849 84.83916136565061
124.79435624984472 11.031851375056329
102.49545687730034 114.85925664966872
127.6059905285117 20.537553145063235
95.01505904224197 29.03874909942821
65.23924049554235 96.9484605066512
148.2571047094858 60.800965873649844
72.28379049078582 149.5638393878827
126.54480260740318 100.14305017398617
65.1340139669384 126.9696799617067
30.7282301471138 88.56214374131291
36.65795777219169 18.968893569673018
41.36372562654178 121.26043979156486
67.87116186702252 57.05601301801867
89.40695177830932 133.5913005591139
74.80319426588915 121.52038690212694
32.036290385330375 123.16985371614363
78.19220199301726 44.61696386577931
18.730059171193563 57.701222438433966
93.76998571551198 42.48973902331198
110.69411208179335 129.09553867747687
101.8765594361102 83.81767940474334
64.12808793772902 24.962496250702078
66.53235054585863 25.344675695543252
9.765308049846672 77.55846593719541
26.129822041564267 144.80251165133564
113.73638070123792 30.9789871105348
21.4889701119204 54.65764907800711
40.685438719297586 79.16941972181603
145.68291342559397 72.65316960419742
100.82147285150141 96.08759267800919
18.863028995706777 62.11949968370904
148.96282503933892 101.69936950396935
140.66672320050355 67.34243037842883
128.56147535450802 126.82865108448354
72.0950323324065 119.80630592261839
62.55248125015748 38.95825923080518
52.83270849837912 7.2903850001307555
15.570149087866836 36.96457296627323
56.97482529562382 91.96646968261436
73.35425069365951 38.143467433943535
90.58002527033769 38.259087019240354
24.629796440718856 104.40217988354615
140.73245921094482 93.3080656450137
104.54726235394827 52.823880866669285
0.9495513396139355 44.098945493762756
145.58605741867234 140.56673953281802
16.247101587554656 12.314681187822751
102.01843485178058 28.19426866628935
44.47176791591326 34.69942044446956
22.754111541985733 6.120211157623812
72.72403527131902 1.299340630992346
11.173953284961257 39.63358591400611
108.56944032278257 88.37349114610525
123.99239840615421 3.4720355324304952
84.77745437317306 25.985670402579636
22.98584599403982 46.07335555491432
18.03929796471126 84.8466083811019
98.04886835554224 116.58980202491963
15.550991450442647 38.73399187149614
55.797306810439665 90.62320444564581
14.2820667720647 85.16542814872993
121.7526122717012 57.40524360933666
75.14841935949313 36.804373378740095
62.291662653819756 4.785304403518498
134.06912914270694 74.38811052637399
77.67026173930203 10.99363622240775
108.66802273338132 24.65659583069572
5.054105096910194 111.84197447123569
9.609491351670036 116.98465407565283
40.90346863942121 140.01456468473887
124.5064057104651 126.45293225412209
42.64060533199163 52.049325638711466
45.8477782999617 10.057203197512237
37.40401017937946 99.5510491504889
133.29070556739035 131.90270625811925
115.60922856974356 86.3179851005056
1.8531433848581191 56.03988480281363
59.15804218271097 83.1529035086221
122.17601700051405 27.966448163134043
138.58556279507033 84.82813622342576
126.44034705650556 106.4381303104444
14.082878550416828 28.498137707454784
24.235852323579078 12.934560588699778
6.7872794061548944 69.00123785015715
121.1542574063796 107.30813522708608
75.82290184571427 82.79576787678108
44.63148040577425 105.10431491451513
49.491643484992096 3.3116605987411676
111.76461371850824 95.8732663585577
41.437205978834 28.904366736069885
117.10878223331986 139.5464726418686
36.683011818888126 98.48520230217648
29.123279924923434 107.34100457630676
91.35934985760144 10.859853467012377
93.98065956286518 64.10634109621014
45.60324788400816 79.19549335243471
133.1143887903419 140.35421288956798
22.65165477388682 115.74685460887488
129.01238608315276 124.43536730239987
139.39795754474983 149.69257746515908
9.707747771626895 35.261966167635315
77.61469150561719 117.2899728094969
77.83372657853215 136.45694014008268
145.98371798666224 10.521333154490625
20.913529183344178 122.50204098510459
52.00173361841138 16.605409330659686
145.79176574089288 121.54175507642593
128.99691580589572 71.69446175728547
141.1507150195331 82.92682920482328
44.11211833434086 33.641376370318845
110.44287993267054 92.76838407025667
51.60609799003023 69.16893758638709
124.2365287010563 45.18665322615078
103.68371323282662 114.88588995639607
13.945736780983504 149.57765939464656
84.99194202417686 41.413177134372795
84.90228563625797 62.86732636826803
72.07324141034209 21.179304630869655
134.22786535945087 6.877397240278343
81.60469046751655 148.17870638162339
125.46268279072176 86.43400070117146
148.56280640641714 68.4990391488703
78.093669506248 98.7370377948867
40.910958257278565 147.99940935795672
71.81523299607709 7.081623411342108
122.07572394120874 5.891204633743808
147.3863454567072 18.30409462336517
93.66863837351545 118.32681967654057
33.060223375246856 84.68145442706376
65.97297245962899 15.738700572201802
53.62493190845928 9.574075598349086
133.46898110888108 42.66524909091582
17.507200834355697 36.85592003432543
115.28198040161622 90.28391061128153
26.603192395382912 111.21952627209302
71.36468892095739 70.34400648264078
134.6364733339466 44.05456563044865
65.3407271251076 41.657635192222244
84.15670785706513 119.31140708202871
94.01914827905206 2.526961341082984
125.99225779744361 147.65985753674494
39.788372144608914 0.10323594214907694
148.89122595797926 4.1152332352884455
32.07912638983251 66.75622940665933
39.167408262563555 95.8134862696906
95.31973825138711 58.37945791229867
49.342867816117675 129.51267039865752
2.1209466865115822 67.44502960840926
102.7790402810617 42.55510179333016
106.146087047947 7.921551452538217
67.62677447753097 99.77096934697158
108.68558008502605 50.203057915116354
110.86666309446342 114.22968688117959
125.67457916240744 104.81988718818373
45.83203786497543 120.75947723985193
68.47062188921227 104.15922801823852
138.747080833356 16.87815832822752
99.96656849868926 73.72096469864854
19.637093212781608 96.62269034384619
5.518924083182252 62.2623921805745
131.3762079002903 65.43338750210862
59.1298020695759 121.50424927707347
139.06141483316063 11.992274745787945
125.67533819656657 111.88552065854182
7.062685444718686 104.72936948470038
40.67168737521517 74.48650339244358
135.3815357243075 98.65008198567541
78.76735663499845 15.201202661892864
95.09203765641487 88.46282149401921
88.84931592286172 123.94555111654125
72.01995583348784 20.489898292844227
93.93448473677371 136.28999184058102
37.06133727662918 131.4932390092552
21.81827099385417 119.46831699310138
32.95970225922755 22.373670560313148
21.905619022857074 95.64390207678758
69.89603295236303 128.31370324178496
10.72734101961726 20.713210186246776
52.789044297361 23.54906275031113
48.076497159822566 10.19621671245708
54.132586982089265 31.32579839124338
26.35258888055951 144.41465540102402
57.3672010803826 138.8463562566563
71.01445400981174 123.69047131791474
60.33405812437416 71.57340157277619
92.98268199789877 52.504823165257946
43.15124124437673 1.3311154755056842
10.799436740194746 101.74204629008484
125.21266550056366 130.57862053674114
132.56781240565778 81.62271053562111
97.97716560358722 35.166417014970555
65.22310078133235 104.90615645946856
127.7808311592922 99.71034313561239
144.87231138469426 132.37441714770287
17.37846254903631 136.4415826095425
146.34313910081585 49.31466383903557
133.80287656244312 112.04612361627066
95.00977100767129 124.29184685235694
141.02352856891588 92.5905200061338
94.04888372009891 138.36028336213087
42.39915711671874 54.13083135265567
37.66783530120087 149.46032262797652
21.57690423556592 56.55416458389899
9.885440448089543 1.8097997933736232
143.37866965817386 81.48326720439347
62.23821846515408 37.09948098391733
102.46546272165715 61.79759116714334
138.78073365856014 15.401277902619226
113.31347527776514 107.503570314493
47.276461255118996 116.01865169097182
25.621045555391476 126.83494817424611
117.74903556631006 124.04028092101686
72.42902466405604 42.945376705594605
103.21652750379215 111.28142128982418
103.26829639815828 86.50085725254816
101.6902395457443 24.89032741092038
