5 5 100
25 5 1
45 5 1
55 5 1
65 5 1
75 5 1
25 15 1
45 15 1
75 15 1
85 15 1
95 15 1
65 55 1
85 55 1
15 65 1
25 65 1
55 65 1
85 65 1
5 75 1
15 75 1
45 75 1
55 75 1
95 75 1
5 95 1
15 95 1
55 95 1
75 95 1
82.41214871592481 75.36639587196457
15.635614248525831 29.09990511883184
44.86348368678325 74.69543310560039
79.75561197739911 29.382766484749745
49.27232419569191 43.211338212496145
46.57428774761851 35.266402637935414
98.26524121216215 55.09973557613029
33.42098899039073 19.312499012006867
58.12772675678689 7.987808456040479
1.7803292151537198 25.389075538296535
6.453816134990975 82.14437606803469
2.9591674302992255 78.30414867318906
78.8197779013902 23.81099667575466
34.39103343945171 4.177360533779417
59.02273230161374 58.636719742014606
96.40224676355797 48.30377822108323
42.64645314338068 26.335133678003075
4.9511226772984145 93.62771360969239
76.94260979250144 10.165495315167327
31.411279470330022 96.38454250964504
75.49591851398174 62.236604708861044
58.38818022355069 19.459606018690856
21.785658917706343 71.20978383497226
12.585332684711382 35.136652895184874
99.82200847971706 65.35749439534153
37.88533983060268 55.082107925151746
31.287053420761836 50.051074596083225
50.21427264123904 7.951896674172499
36.96120585623716 10.656196571443965
86.24526583094121 89.74950741376956
72.60703944906413 30.181062132867186
30.906131540842484 69.23099484757367
21.22494138848975 26.209140039064106
43.075789203668826 89.65270165788594
85.81269485492655 94.97561778661904
7.402508794937745 94.98973063383363
18.088017460585128 6.156954109537871
53.22884942850651 38.474337871070674
82.05418144932709 21.326286756688507
4.626274447576472 80.80536352328274
56.51148270414114 31.784771550798364
87.99432964384836 97.01326879565954
68.30262403650622 1.9699303291094705
27.438334831664836 24.236355203824267
1.3630526864506498 28.90951417426907
83.76440924151369 33.5045664550074
67.8550760888344 36.21672337679208
90.82371471378671 59.95109201309633
82.54131677643292 54.63722825139288
8.189473428337191 11.000234449639844
21.90136585771114 93.14551459364641
30.74332249415239 24.577492932682365
1.4315013350003847 61.65482944711131
19.093284894722963 69.32466070916273
28.236033621218837 75.011395771642
65.70010731720063 0.705103678036989
60.59570582086574 27.229699502377734
33.42127605490604 72.5725515116704
99.76890547495351 5.618438953787264
93.87900983468693 85.15112805398837
66.00995432862985 76.14412953706166
32.3095413589951 0.45869966887287505
47.27875524410942 32.27912598558645
52.142355834052864 27.005481716205203
94.04113506898504 4.257520082325861
63.42816919932348 4.185664693932345
54.04164996185181 89.0705748788072
97.21817919093996 96.22301299028429
96.82270444758136 70.13225122807387
39.03218645176717 14.590733462410132
42.02326361039008 42.2657873763588
0.16772884761609985 38.40237513216417
17.492017664078276 0.49308277896438213
92.78118737650051 40.35876710799315
65.58499268134129 13.494586859638114
4.636586395536446 84.71776541842198
28.40635691157375 81.72799496428338
5.779739694139341 41.98816408135073
8.841413052722402 62.603212383478905
87.86647908662914 53.278499575569306
96.21351352990608 31.494934269221197
40.07668168847284 3.7202132005256794
12.661955681371017 83.35241577378589
26.348348261073006 70.49853606418701
73.87908823305074 39.84897351409102
54.18328425574492 39.27931538486583
35.02469817386513 17.286395533937814
61.29425759759041 52.62539039498161
76.18120620419431 40.13430233577695
54.41825354467371 61.527982826029
7.130591403544928 44.965563513220374
3.299775077897127 17.901048799341478
75.03599278948349 63.857549031338756
44.296834685203414 6.030085048307177
12.628235570849233 23.76630729956006
57.21918540903923 13.982740067999044
96.31667759237209 47.786776969654966
83.83485403027123 86.20820524399527
80.3013636293529 28.655732414072677
3.255274326348978 30.04371703822175
