5 5 30
10 10 1
30 10 1
50 10 1
70 10 1
90 10 1
10 30 1
30 30 1
50 30 1
70 30 1
90 30 1
10 50 1
30 50 1
50 50 1
70 50 1
90 50 1
10 70 1
30 70 1
50 70 1
70 70 1
90 70 1
10 90 1
30 90 1
50 90 1
70 90 1
90 90 1
8.730148686581662 58.38080858689521
39.77514924534775 91.46608574423902
61.4481186859825 52.25245593286709
93.81692434139916 28.56802432583526
84.85933962250535 42.21348841363247
67.60241368900253 96.86578353652595
80.67576576344119 60.47058137647956
80.55654699388263 2.4397734333927334
42.86049602293035 85.95765746187696
75.30034060732528 45.111721447323106
22.93368216552202 34.71184014027603
42.974445809000386 11.545257509070295
93.68983003193584 64.79388730770667
52.97463274634622 18.206520864421073
32.24516444817848 41.252458112075786
14.54719966867788 33.4434423303669
36.61479381647668 73.65182683086347
90.71633637796536 0.8858029249954047
13.668139924587464 85.51317514054439
0.9969753734948905 25.817170312761604
56.34583014794937 53.25571160826795
21.718290443339917 75.34282788364425
71.2505349416398 0.5460174427961428
71.19970912580646 37.674428670284776
49.25530622083889 57.69360110855995
65.10703498437823 80.22766188765861
18.080353167335527 19.070830632283975
20.53323584301866 18.217214210236854
78.90818034543794 85.94119009649614
36.28453416795545 68.74245211202935
