5 5 100
5 5 1
5 15 1
5 25 1
5 35 1
5 45 1
5 55 1
5 65 1
5 75 1
5 85 1
5 95 1
5 105 1
5 115 1
5 125 1
5 135 1
5 145 1
15 5 1
15 15 1
15 25 1
15 35 1
15 45 1
15 55 1
15 65 1
15 75 1
15 85 1
15 95 1
15 105 1
15 115 1
15 125 1
15 135 1
15 145 1
25 5 1
25 15 1
25 25 1
25 35 1
25 45 1
25 55 1
25 65 1
25 75 1
25 85 1
25 95 1
25 105 1
25 115 1
25 125 1
25 135 1
25 145 1
35 5 1
35 15 1
35 25 1
35 35 1
35 45 1
35 55 1
35 65 1
35 75 1
35 85 1
35 95 1
35 105 1
35 115 1
35 125 1
35 135 1
35 145 1
45 5 1
45 15 1
45 25 1
45 35 1
45 45 1
45 55 1
45 65 1
45 75 1
45 85 1
45 95 1
45 105 1
45 115 1
45 125 1
45 135 1
45 145 1
42.478395119611406 95.96983156154919
5.156666717631486 13.407891640575158
10.99799306913581 123.47342345336928
18.89292263008263 0.4597509022340185
32.216572781610274 66.7500468001084
11.492331207205297 10.78663917667717
35.3203275271261 79.31214096844819
46.4764260311986 30.716107232331353
18.177903931793626 124.59848821741465
36.32798145742928 33.93613850641658
12.473246143841083 107.87561703213608
20.862136335399406 0.0004645914688627961
23.12468427002109 138.75805570303964
24.89402736725089 59.99747099215325
18.79087967865819 12.07426937979575
43.53432300315906 20.862945138569838
21.106087753873336 69.97914958222009
13.624609307801922 7.054042817606892
2.3973249095025686 132.24498870316606
46.947536854463884 81.47035979946057
49.14571344775712 130.34358959025846
34.20320597824292 29.50479163623917
11.209243565424515 4.9941984007779165
36.662940372911635 2.7977083883538976
46.125048624044965 99.73389938446482
42.719441689251845 68.87186378238142
42.701729445383016 67.29867561663087
15.72421502675645 132.6770591349274
1.5854845168372045 118.16302795307368
27.51490325716458 132.10911994934128
43.365438355226566 12.369442996601448
19.331487911008026 72.03725357003715
30.05194901619645 13.565145400558631
43.33505730707222 9.256022518707935
1.42900832170324 135.54600647790912
26.328810499096058 134.69303232195693
17.25094977530286 147.02540693940458
46.83247248240921 19.191010756802605
16.481527956760555 11.09207331475664
27.732308616488925 13.855121260442427
37.36559907752243 37.59215345143486
44.94966063344772 62.79067324564453
13.286728412103166 32.599200425314194
43.56513546200868 65.42701037866175
37.08312282920181 62.04193703892435
38.08474014153476 23.00185702484866
36.12726032734007 18.58235221530767
49.61595093407761 15.157186382296024
32.19152918807763 8.205867401802031
1.9318817549681566 125.92794910839109
48.33246595633629 4.657356728535245
16.939162403468938 54.72221847454164
2.7348140841598756 60.596088590754725
18.484044390566563 60.45902161195737
34.959885764777965 63.81583292125075
1.826112331068308 96.9738319513104
10.744823357714594 70.40523737840421
34.355414606838316 4.702084937561279
47.124747650826855 143.7795802807232
24.357626098855036 18.91735557910792
22.62462552027825 116.59806118555187
34.937717485641976 134.78487294937568
38.50477968436048 118.03381358071587
35.9601970497126 46.886753992087286
11.713681458107 121.67935371203939
29.209440157978676 49.454430729099826
43.15440584851859 6.355146710800241
43.89312636440791 23.368256107768705
27.219594001816063 82.64275040119749
31.444878523804494 2.0859097177534816
31.548961033263765 10.941607358581546
7.668282146513428 43.88537389168156
46.25789214385759 28.57806761598733
36.44593351246688 128.29051875946206
42.31690902585239 88.3839526028204
24.55613961230044 57.158586663179406
16.33534604644885 81.52779154630626
44.919143732928774 112.12291852182116
3.656786610933799 116.7998219435834
0.7033070377010175 128.2581168890295
6.508326488941529 5.702807783089869
33.149464882985356 24.58130831761715
26.448223784605556 60.97973889091541
4.6452017180933725 22.588767792079278
40.314382366248644 139.44230049827746
48.09493684808576 144.8163519073376
46.34613070965135 7.480503301395503
20.363337355468442 148.39234864369215
43.275678351654314 140.7101980290099
16.53428505657757 17.80184273655272
8.160505504184945 42.023126687628874
4.773539159816509 71.81310156782915
11.55252376145831 57.65746893177189
18.010206623054053 146.7169562734708
47.762806056100814 111.11945128339146
33.53698901043072 30.595884611021614
41.96842891446095 85.74810484812642
7.754358163777692 129.2345315223255
29.697212775400562 59.13460959210795
9.275333702241312 106.76403337373318
