10 10 200
7 7 1
22 7 1
37 7 1
52 7 1
67 7 1
82 7 1
97 7 1
112 7 1
127 7 1
142 7 1
7 22 1
22 22 1
37 22 1
52 22 1
67 22 1
82 22 1
97 22 1
112 22 1
127 22 1
142 22 1
7 37 1
22 37 1
37 37 1
52 37 1
67 37 1
82 37 1
97 37 1
112 37 1
127 37 1
142 37 1
7 52 1
22 52 1
37 52 1
52 52 1
67 52 1
82 52 1
97 52 1
112 52 1
127 52 1
142 52 1
7 67 1
22 67 1
37 67 1
52 67 1
67 67 1
82 67 1
97 67 1
112 67 1
127 67 1
142 67 1
7 82 1
22 82 1
37 82 1
52 82 1
67 82 1
82 82 1
97 82 1
112 82 1
127 82 1
142 82 1
7 97 1
22 97 1
37 97 1
52 97 1
67 97 1
82 97 1
97 97 1
112 97 1
127 97 1
142 97 1
7 112 1
22 112 1
37 112 1
52 112 1
67 112 1
82 112 1
97 112 1
112 112 1
127 112 1
142 112 1
7 127 1
22 127 1
37 127 1
52 127 1
67 127 1
82 127 1
97 127 1
112 127 1
127 127 1
142 127 1
7 142 1
22 142 1
37 142 1
52 142 1
67 142 1
82 142 1
97 142 1
112 142 1
127 142 1
142 142 1
34.73335012722737 46.89063251584915
34.50162133762566 13.557750043708443
116.58819851260101 123.03905165514395
106.54324527401315 75.72996087507059
45.46588997102102 123.86622472020935
118.95279210799407 30.85129887999291
61.269010885653984 2.1070667013357025
12.845844275534185 120.45072336357894
67.04827674465783 109.18160852268217
63.60803192706982 60.40159731933458
102.23494030597301 16.094622993523274
143.54518487886887 66.9278322083152
72.47680542934819 142.46528229209548
94.6025288187123 125.00158232734395
135.51066682421632 146.0273774384974
104.81682985575969 121.5334528279219
40.131254108978645 146.79335814321908
137.26767182915705 39.42820396500126
95.33297490626431 57.7788185986322
66.69938466455696 72.50448758534861
72.52973916762242 110.85296453929061
24.317206165446812 77.03155189622464
110.26493007096009 149.01735182894106
51.98697132007685 148.59993696792932
4.206002238276108 123.05101266639365
33.114238146239735 116.6269037920398
58.92843256368633 92.4257305876979
70.49359724039637 7.736986600785673
57.93622255005922 143.40007126942712
14.099943645238655 28.673752117841683
86.53568802630271 67.51181623503574
60.27353173809457 143.90173436272838
20.62754312971073 44.40834882553297
6.906651750189397 88.8545826430766
147.1358046782727 32.67642556100291
143.18060623408627 25.79363123651625
55.969481584993005 35.250935243384866
64.95049281084859 106.70469866848151
14.59542310016383 97.54145726477117
39.760277303339706 46.14733316161124
116.24042278974595 88.46169175062374
43.083568318613544 22.23437865301597
22.792948323916278 117.22085774968495
49.07553293807383 126.33995583528154
128.49360442143922 72.32412306767034
126.325582891393 72.37366093349324
59.82871953879294 24.806423240602538
124.27144799552268 119.44191655901156
41.011673559490966 73.28246535909167
5.612967923516232 67.46769376028651
87.10034140375615 40.802844540881544
53.38980390918128 55.96419039239364
15.468621969844442 70.85408041374228
121.88948519213196 56.580775003229604
52.27274953908673 44.143192588724276
104.19856969480117 107.70717595755828
22.231316019781534 77.1226010906734
109.28560134416512 117.77356414916542
30.409609331078453 15.57356653554528
62.621406789803615 18.755285307829062
141.382847575316 3.4881815624956403
103.88421990321177 3.242076529255622
5.514431471183817 130.1686978932708
4.8412384603535195 112.50020727066345
99.5277814426741 64.03279787620112
104.00161627104951 124.9513329621775
99.59029684792448 76.46096657553457
33.438750543747105 2.7546890054916675
71.15520637116613 76.8299412442517
39.792571659954554 36.74315545463728
97.29448238835788 149.78330554956742
112.96551054458187 12.813482045406083
71.04418938360878 33.43346943765946
24.596023686151252 143.2001992661504
146.58745924202879 6.501663290256776
45.208627953798214 15.394449635779573
120.57768594202936 106.8488349495127
122.02410558234217 101.0923394697779
142.10190196771768 91.23393257482701
133.71787323576544 106.05166774027232
13.13594689166846 99.1914126955373
93.48467845256458 146.58304497548528
138.58284647873919 112.71763907697682
4.74449098945548 55.405992652552264
138.90177348320935 149.64693152959694
149.27707914709578 86.97263477314381
85.60734471372756 68.81137384594744
97.53645715785511 15.268153818041108
28.62662890832064 44.196326386752375
138.5627306080777 41.86337372990355
52.26335847202008 96.68506612934655
30.015742982876898 109.91411203657245
12.587444659322772 28.913507698300485
23.95318559965957 114.23308222547445
103.53256703756847 123.2723459065666
32.80587737769159 91.54414816799218
38.8130758410061 31.382702245212933
6.2347210069134125 70.07247701406166
99.68852390442088 73.41106313610089
86.8784192173383 81.02305201490819
118.58142780282999 3.7906559579576338
128.48043492100732 104.2362323430082
75.67357409900218 16.639020263894505
56.54331936532444 46.698759227033335
14.308558595580351 121.73768413176751
39.11833835526856 22.0500914700161
95.1349185188426 113.36375275346656
145.4493620956322 102.73894680557589
132.78121716619916 62.9293042062421
77.61603027427793 50.31621790472031
148.32098797537057 114.0351150962098
92.98859987476276 118.77809453432748
102.13506774988744 10.656372508151406
33.7995534673909 106.25328580099324
23.515868809740724 129.2947039702882
103.10513359204393 123.85467684392913
48.361479451154736 0.06962388863898661
139.63697112461597 139.23798424213606
9.960326536795423 8.951894676068035
95.12350898351002 136.01247872114584
58.078286759165664 14.513713873799293
52.2588306992878 75.63191715933877
95.00653377007582 9.929718148484396
91.06311178473236 46.97872668393955
141.03688529854807 25.975840977257935
103.39150793165874 3.791929389607912
6.600283277956731 85.35876204334892
4.918259641289463 77.27346114611169
71.16081362291185 110.06973669676175
21.368767736833753 89.90143019801037
149.75164609446864 112.02062602332005
145.4898633118588 14.08871143904616
95.27916853653173 125.16038408759732
18.73234894822671 1.1817316082083584
76.82694762446843 15.01573252901251
102.80026279782183 122.70335498732025
7.704252739290291 96.23767380116617
36.494684994213756 46.54092877637822
98.52091974189166 3.800313596612259
93.86797583241194 64.6448011485526
68.26033521314083 128.53688593823964
62.68351119388127 63.735436692790685
92.91813153976082 56.81696608421633
26.36602889930345 134.0638876532007
3.0391168840055993 42.92157387490922
69.56437555110148 86.09940324762638
55.50147127216653 126.54088073314135
19.57410249432195 121.43297660669415
73.49125826389796 130.3862612526498
43.52232598124605 93.37708155845826
35.417768995452676 124.55422448888986
22.505810823141182 21.121158107170036
76.2683505789638 122.62832901973742
117.95456386016117 8.380605135582652
68.3108463772858 24.728459341537285
63.74866926005355 12.445386531901697
138.65097657709322 25.95366472177157
21.29494755636017 17.18394275160899
6.0706088318498495 139.22795357975966
47.40597839544311 70.89988928120464
6.905858599121039 106.19866101352164
7.708834573391732 139.69431059900307
112.3968416034911 73.26734031324041
1.1567882564364695 84.30063692174498
131.64437351124366 27.945163616909323
118.5064798932763 38.780419977116274
103.49109961520878 123.65418406309259
128.8136000285693 44.812988605873905
113.10065263409577 136.32994738745393
65.71171972299115 71.83012080117524
99.8269160333234 118.17978746307651
146.12665926751563 24.755106556835145
21.384596972576876 49.10117590071212
67.98887991182586 125.51641533524364
49.9533335881953 62.21049783305957
146.12851141787968 109.06858424163435
121.22853375619637 70.69590694031933
31.398542793763045 115.67892311945157
61.801370284798836 1.332515155165176
79.29815351674286 90.57800813839991
71.79277185098191 147.3074936598823
15.657087183162893 60.172156649787105
142.68836266347165 83.3092852130518
69.34346316768736 13.676943818342712
113.01581195932984 54.260890130388816
36.159267086764146 34.83789343956472
50.244882752630566 44.53246842629872
112.39143675951983 59.74863562559161
122.69688677429652 97.57943850013186
13.219172417945474 15.085717556412225
69.87752309054387 4.2932116978812385
13.62184752099469 135.3195749753779
63.65030357544493 75.73436677578918
39.8491017984791 116.9737782584844
121.11600316947539 1.987811962096686
50.37705246486245 7.952691338432305
127.84467093400599 137.93809942374546
93.30265583991995 147.66492748286154
32.137037209061184 48.693543805497
137.03524510145317 11.428591734937394
