20 20 500
3 3 1
10 3 1
17 3 1
24 3 1
31 3 1
38 3 1
45 3 1
52 3 1
59 3 1
66 3 1
73 3 1
80 3 1
87 3 1
94 3 1
101 3 1
108 3 1
115 3 1
122 3 1
129 3 1
136 3 1
3 10 1
10 10 1
17 10 1
24 10 1
31 10 1
38 10 1
45 10 1
52 10 1
59 10 1
66 10 1
73 10 1
80 10 1
87 10 1
94 10 1
101 10 1
108 10 1
115 10 1
122 10 1
129 10 1
136 10 1
3 17 1
10 17 1
17 17 1
24 17 1
31 17 1
38 17 1
45 17 1
52 17 1
59 17 1
66 17 1
73 17 1
80 17 1
87 17 1
94 17 1
101 17 1
108 17 1
115 17 1
122 17 1
129 17 1
136 17 1
3 24 1
10 24 1
17 24 1
24 24 1
31 24 1
38 24 1
45 24 1
52 24 1
59 24 1
66 24 1
73 24 1
80 24 1
87 24 1
94 24 1
101 24 1
108 24 1
115 24 1
122 24 1
129 24 1
136 24 1
3 31 1
10 31 1
17 31 1
24 31 1
31 31 1
38 31 1
45 31 1
52 31 1
59 31 1
66 31 1
73 31 1
80 31 1
87 31 1
94 31 1
101 31 1
108 31 1
115 31 1
122 31 1
129 31 1
136 31 1
3 38 1
10 38 1
17 38 1
24 38 1
31 38 1
38 38 1
45 38 1
52 38 1
59 38 1
66 38 1
73 38 1
80 38 1
87 38 1
94 38 1
101 38 1
108 38 1
115 38 1
122 38 1
129 38 1
136 38 1
3 45 1
10 45 1
17 45 1
24 45 1
31 45 1
38 45 1
45 45 1
52 45 1
59 45 1
66 45 1
73 45 1
80 45 1
87 45 1
94 45 1
101 45 1
108 45 1
115 45 1
122 45 1
129 45 1
136 45 1
3 52 1
10 52 1
17 52 1
24 52 1
31 52 1
38 52 1
45 52 1
52 52 1
59 52 1
66 52 1
73 52 1
80 52 1
87 52 1
94 52 1
101 52 1
108 52 1
115 52 1
122 52 1
129 52 1
136 52 1
3 59 1
10 59 1
17 59 1
24 59 1
31 59 1
38 59 1
45 59 1
52 59 1
59 59 1
66 59 1
73 59 1
80 59 1
87 59 1
94 59 1
101 59 1
108 59 1
115 59 1
122 59 1
129 59 1
136 59 1
3 66 1
10 66 1
17 66 1
24 66 1
31 66 1
38 66 1
45 66 1
52 66 1
59 66 1
66 66 1
73 66 1
80 66 1
87 66 1
94 66 1
101 66 1
108 66 1
115 66 1
122 66 1
129 66 1
136 66 1
3 73 1
10 73 1
17 73 1
24 73 1
31 73 1
38 73 1
45 73 1
52 73 1
59 73 1
66 73 1
73 73 1
80 73 1
87 73 1
94 73 1
101 73 1
108 73 1
115 73 1
122 73 1
129 73 1
136 73 1
3 80 1
10 80 1
17 80 1
24 80 1
31 80 1
38 80 1
45 80 1
52 80 1
59 80 1
66 80 1
73 80 1
80 80 1
87 80 1
94 80 1
101 80 1
108 80 1
115 80 1
122 80 1
129 80 1
136 80 1
3 87 1
10 87 1
17 87 1
24 87 1
31 87 1
38 87 1
45 87 1
52 87 1
59 87 1
66 87 1
73 87 1
80 87 1
87 87 1
94 87 1
101 87 1
108 87 1
115 87 1
122 87 1
129 87 1
136 87 1
3 94 1
10 94 1
17 94 1
24 94 1
31 94 1
38 94 1
45 94 1
52 94 1
59 94 1
66 94 1
73 94 1
80 94 1
87 94 1
94 94 1
101 94 1
108 94 1
115 94 1
122 94 1
129 94 1
136 94 1
3 101 1
10 101 1
17 101 1
24 101 1
31 101 1
38 101 1
45 101 1
52 101 1
59 101 1
66 101 1
73 101 1
80 101 1
87 101 1
94 101 1
101 101 1
108 101 1
115 101 1
122 101 1
129 101 1
136 101 1
3 108 1
10 108 1
17 108 1
24 108 1
31 108 1
38 108 1
45 108 1
52 108 1
59 108 1
66 108 1
73 108 1
80 108 1
87 108 1
94 108 1
101 108 1
108 108 1
115 108 1
122 108 1
129 108 1
136 108 1
3 115 1
10 115 1
17 115 1
24 115 1
31 115 1
38 115 1
45 115 1
52 115 1
59 115 1
66 115 1
73 115 1
80 115 1
87 115 1
94 115 1
101 115 1
108 115 1
115 115 1
122 115 1
129 115 1
136 115 1
3 122 1
10 122 1
17 122 1
24 122 1
31 122 1
38 122 1
45 122 1
52 122 1
59 122 1
66 122 1
73 122 1
80 122 1
87 122 1
94 122 1
101 122 1
108 122 1
115 122 1
122 122 1
129 122 1
136 122 1
3 129 1
10 129 1
17 129 1
24 129 1
31 129 1
38 129 1
45 129 1
52 129 1
59 129 1
66 129 1
73 129 1
80 129 1
87 129 1
94 129 1
101 129 1
108 129 1
115 129 1
122 129 1
129 129 1
136 129 1
3 136 1
10 136 1
17 136 1
24 136 1
31 136 1
38 136 1
45 136 1
52 136 1
59 136 1
66 136 1
73 136 1
80 136 1
87 136 1
94 136 1
101 136 1
108 136 1
115 136 1
122 136 1
129 136 1
136 136 1
142.75696144730097 96.19649026365462
68.57313475381963 136.41176826527047
111.54225950913738 88.67460138848473
25.938956778469063 96.42240022714999
47.53683828897549 114.46567272203413
81.92622764190587 111.78427610078735
0.1486427463619877 135.86751623108916
98.94999884733375 66.53337902521645
76.3857253915335 120.48354140043749
113.60511470968581 62.22465659208638
9.239165139366207 1.0422057551330466
120.88326594229265 132.76940585718913
95.26601810756657 45.488115924255936
8.885061378630665 91.75264098323083
103.97132540326001 10.337386490087292
89.54574438102136 111.99047122899566
41.94583242855758 123.58035169806305
59.61386586287743 6.438954271557634
7.50281636813911 46.987082916182324
70.14203577855633 53.53211980376995
108.21259058298764 81.72115354893221
1.8231049308550573 126.20257515685572
65.24815453448308 70.942417903852
19.228883945084196 58.21624132695581
2.7060978970941063 95.85559896694947
74.5062728941365 122.50787708848065
42.71771315295111 55.201888098826416
45.58806180485631 142.42557515229407
67.25146211376794 44.57414600936528
106.94640619758344 120.03011079406554
93.56049142694177 113.67188064079204
126.1671010305883 8.959474409045203
142.3134899352152 16.6996727079864
76.90201278026855 95.07349895532901
103.89607109020524 94.29694976181929
118.93743008575461 108.825699722025
120.90743791468907 149.0511174191656
20.21651397670331 59.95184290848691
13.558293515103331 18.8875365411797
49.46697708025871 36.04098284121306
8.404850629531445 119.08182588899197
73.96943519041325 139.94693731939998
2.4046914344733885 5.2668856917086835
136.20395909205567 146.35737398364873
28.288634510987322 129.09768158534592
68.58906513155955 67.624147838131
126.93632843766787 27.13250275020384
36.53032437136609 65.20857740589176
124.09652078810477 70.27036673849803
7.8150762348577985 136.01430675331295
149.65081764350347 77.27625398016077
82.69372025759743 63.76535183434921
133.5850026433291 48.55507039917708
62.86512819514394 80.52936215689705
117.37669081874989 65.37149172149071
128.9896144266348 14.688631046110052
117.74997891748602 98.8153656219758
84.09293378037994 128.6796992734961
98.11513380703153 84.01362626898553
37.2490224165303 128.15465033923493
15.680440909920513 57.36021371504724
32.281896386521574 29.03599666460263
4.8411280361461415 75.12020594065957
83.46148761239058 54.14129419403119
120.1949915542354 70.05281447922003
140.75589905021718 14.861740701589499
83.32327181861702 28.28752916552013
19.864017461573674 91.78492824728352
18.72250405545569 108.17921045223383
51.42899725037759 134.01658220454777
124.13165443137855 119.31534674297455
56.976894253426835 50.80260353684623
123.06046312089471 92.48656681863075
105.67736732881941 108.10114611876016
60.85137837229431 129.81953025199118
55.646200459641776 130.1289763369864
47.06373548871781 47.95758672382021
69.80003376033623 64.35006095400217
131.40196652214175 134.15614090156316
26.21758690474701 48.28654119600536
90.26934999848594 148.74183333658877
27.16269051476587 146.88135208131862
68.44243050210467 14.888975278003901
107.35822272989094 52.232040289288925
79.33342746349703 47.75341726110632
86.03264512356395 42.791216365267694
139.4084913459817 40.09754372768605
58.54460130694814 39.91661855192042
65.65673083880216 107.01917710961025
141.32768634572253 15.731957237475026
68.30020941938945 122.36794959819024
87.37718493864814 45.627260991537185
143.5927225161266 98.24831620040925
54.617689956303586 81.37101489533997
81.69781270511557 54.11781413003585
149.4474149110214 113.07447555949122
125.8013853111825 130.19781972230854
65.54861836577123 47.18922122152567
139.52576147810893 73.64990341182042
95.11025564258858 21.677306736532582
36.4726319718425 33.214000520767264
131.51679965230224 70.37967710136039
13.801033322042827 96.1248750382874
61.778059227272465 27.723256135882618
45.120876574722054 15.428164117875276
93.16319107053253 17.4186423898466
82.8457944932515 85.87754506302159
109.95727651195148 76.83501357754535
106.5589031362962 126.1314245542969
102.92730996372194 2.0099579119139954
74.96883568948887 117.17141710498345
61.856936440684485 139.13571354581015
99.79472701603655 81.94375167278778
38.236390998320864 19.237355430812826
36.68417248425543 131.47120985068977
16.60610000436981 77.12180021893106
83.88887803372116 18.60846789432875
90.06245783196022 9.300571343099524
110.8096974692048 126.15233105007329
30.356486029262115 131.94761929465426
140.19242550033434 119.03640048590742
79.01110018115405 110.25101920574816
10.33742848505616 20.90837534539433
33.74449421445653 88.35038436612952
149.47396246549823 79.51598570999468
32.367403905316536 7.546842022312017
90.98055878344974 95.76418212918443
97.79251062946824 31.578119152312205
12.867527388455136 28.44988673639372
147.9752441961759 125.8693493688601
80.16037462063521 127.86941062709474
148.73264599780768 24.693165390306714
31.858583856596844 107.84718912539219
43.5325782159111 81.96470622636907
30.56889175542985 60.88801012434877
113.98185991362993 125.64509939938372
1.3390608095705248 77.6826483879714
115.90110915083801 79.56135539250525
23.842886320238456 76.5033882408229
7.379054671550417 61.69096024963712
140.69185324783965 136.88532618146203
61.165981018604526 22.19038824618299
21.9767275471834 66.76698985606923
128.69989479292292 38.31446776478033
42.98500643582956 26.399672520526252
122.60937563741554 42.879745093864756
78.04101505526866 136.58649130799574
6.527149222521533 82.6234096279133
63.54129903153542 78.8067482545991
30.104974336975243 124.19915681540056
92.3434547267662 101.39887984210257
74.55640350511652 124.56598948300379
104.56174505850372 77.05385318021946
2.877173872374894 127.66111154491749
56.951065992709474 100.8991202096633
133.82194111853872 102.6360909298688
91.6474313391979 56.816113177964276
9.88133076007658 68.21556690148515
7.955746104058675 125.2099745310612
96.98901970512279 134.60000409794296
79.91497734030675 85.26682905910293
148.09229332077993 86.3233219821187
117.17597782076844 84.73265231111588
43.1202523784552 134.48018174779506
43.40015464099416 4.115561904180431
122.31634759191441 80.16769793866543
6.056468587028002 123.58550452560559
72.37199388623846 6.138673202144407
33.54188575811909 114.67545914724268
136.81608622510194 116.5914979555174
74.09985579296041 133.04580979530445
34.951522651646336 48.95518874415629
30.077966865534133 101.90144039531206
130.0193019777395 63.81911317900736
6.112519868296684 101.416863113237
75.36521511359352 145.7764770214105
148.50119398808096 29.325440596651564
126.22167300717665 41.37906668753218
100.3592484348253 26.727884645074262
38.90989488687096 92.8058275676096
23.709768369866513 63.214986434864315
117.05419300314368 63.682534896504016
6.8529599662425555 79.20815150989662
132.00238768759658 64.1178724099371
53.28693688004253 137.46449734193038
78.081087171048 15.704029029382461
64.68495952340109 10.910800874675108
75.1095567010448 17.33147974103163
95.31771700229494 6.170140992781054
141.8254601514129 52.41157281902045
43.082204232471966 59.54115643499342
41.73624177458959 70.0769870682217
139.76294618066837 54.76803696316498
29.072003650858957 6.0458096879562495
78.38689997025861 105.08411832151228
47.026953032321465 71.31360932064443
12.744689142815119 2.48918816967566
60.445197025334465 58.35553690460992
86.36475469412159 79.37470324825097
9.346366568535053 131.2972191263109
2.0810233703214887 16.926598574233537
98.0801176049345 89.95136829267547
17.834659792786084 140.071620454229
30.92400641073198 49.959332520746706
145.1414878929784 107.3725728470891
51.04871664402453 124.51796927404347
84.96815738097679 130.24388846854822
97.92110931233769 71.33746478443858
66.14575377334455 34.09342210790621
35.506366183655494 13.086508795900025
55.00991186428611 56.48131398228515
13.891896557386707 65.66824664221372
95.33170508683865 68.97442507883353
26.141878821264818 55.763776598003446
103.33509216280537 121.73962118527108
31.539092474634916 64.08726693969888
1.4289830392962444 123.27913139507932
53.88712565366814 75.97179612866866
29.196467871127446 22.231571976493207
123.4455109209535 141.49179599293842
108.06300375688818 67.25961202037949
51.0677321054457 42.184432462210154
139.44506571638215 9.188866544604862
133.80785776628574 62.80805142676776
102.59533683134379 65.44911448433648
101.98062550341022 115.26413674522269
137.60799035062507 29.07844673315242
9.168598141496426 134.21772271259408
15.643593333428518 91.40926391498986
107.1140776592403 82.33822881156144
36.25215530430847 115.79548636394172
92.7248069121786 25.888261270260543
0.7868204552878455 89.32351420071097
9.003560916039778 105.17910577068395
59.54586888608001 121.3094637955194
29.6445610560246 92.79768646299921
144.44055932895947 12.50165460186431
55.09155509803008 46.29167553370398
19.307164044547363 61.337278371153765
71.77751444814092 133.53256252348393
12.869408865005028 112.48455060568412
55.884482503717884 13.852454928970465
71.78147335699609 15.871741108472664
98.21788017657482 72.84844361969786
54.092144864163046 38.732419587141145
12.61864612321303 2.8206759344022556
126.21764539882318 56.92003030930178
64.72177667745488 42.333465408883384
110.89123312908444 43.81836203308054
140.83083558557703 110.99668265163223
126.83610104820208 139.4399086860199
0.2992101216890086 142.38237973859344
69.40654317291359 76.93871672608842
38.41173969897476 123.04545335028986
11.449165683162121 122.3988668589291
29.995048939745434 99.78539043606773
114.04785362829546 145.6909775170334
81.04166938791163 93.04230509056204
7.266966508039873 83.27111548308773
72.22158489934523 111.03034287490928
27.512121993841927 147.33713107701368
127.91198504635288 54.52752357721818
144.58569425454567 0.34873246537285296
120.65451151630164 24.399430872932037
80.65981909185163 2.862279068265461
46.41814073709525 9.477662699563794
26.040592611499218 137.66128983254768
103.64369150780158 19.100534250172846
118.73931469917495 148.87386372990395
69.0151396263442 101.1674373879275
72.5168689805632 61.04233802068088
128.90085069306494 98.18057374293032
117.47750266518574 52.30359656774714
103.32595969845438 26.395842279133795
86.49316593576971 5.92394367670423
110.53286099604891 68.6762219479397
47.951123866971415 98.64284205695571
61.92174622607576 115.66139800604657
56.37008282868297 16.971353209035556
78.1254894426801 115.65517065570394
54.753206006928785 81.29792923322539
112.83871693481899 27.955806781761915
96.35721738849874 67.67281406833587
28.39862244817551 14.718707426647876
43.07735788909629 30.289225861094515
3.9693149198616107 83.31201839907234
33.11572285531694 17.73069269871938
58.37805989751059 55.81198085849039
65.21716418254613 53.290915609044696
90.8104203071185 103.22682721695402
26.137629097835458 9.590715092661561
134.15690219915268 48.597470065967045
113.69150159008475 36.10125767769649
50.60107646414932 73.15888787001813
113.01537790820787 14.077309365902824
94.54671479074764 52.470604401685364
84.03017132604309 13.086107765140392
135.18443546507805 56.31954978793353
23.67463689048292 54.86799023731826
86.108654011532 81.87980096020162
89.21487337820152 45.8998824593249
84.40794482095596 136.56921445681817
93.56584034090898 109.56369576632365
67.6639311528924 52.28184684320985
87.03429892086501 127.64507018234787
17.74022774395044 50.169221146404304
110.60749398735668 145.31003824484054
89.48215546089546 142.82488134484396
13.63252763546115 59.62557434268384
58.73094853903501 84.48629485646383
73.72409778615707 111.39180732453903
52.74631960533664 125.07328097267425
52.99318744332336 126.33665948416693
59.93102666006937 54.81174712697797
15.409927839041442 81.33179801456306
5.556847969031919 93.29561412866755
114.89761257731709 99.67142015652766
126.64924486364936 18.183087006022035
62.39533492237311 63.61870563584465
13.313206818143014 73.97014605409663
27.252546906182 5.735176511091278
80.79182180208272 23.552421652150112
65.27629442768894 64.6713617485728
44.7440483086389 26.918577442081038
44.00566171718302 87.96271328853048
71.86994366429167 101.4952683568155
68.8350373539716 26.260396149083125
79.8093029471008 99.26726156049783
143.75217769940116 96.85109506238341
29.148091073674593 106.41396765242456
81.56492356997305 146.6575314873986
146.76470354635228 118.71619523428882
27.415992434719865 93.77244393234973
100.28305774768818 20.001016964545222
59.090923621585034 2.476066299216151
76.19317019721501 11.645628173335082
116.0949312914788 40.88718459218767
69.2189919804256 34.12463996079722
103.86721403557138 113.44280101515616
43.914819605751255 90.75082637841726
20.738208696052375 141.00799994454638
56.82520638075767 98.4814896622418
24.1016382993834 73.89941709451314
40.40657012410461 112.83889007925858
43.88901046621788 41.15521837966831
88.18909720465395 19.566987126942102
142.4203941805145 56.56997264982369
134.29029857673444 56.60449036360023
8.842312596487334 37.50248252238881
12.216821318133464 87.60784222085263
49.2281045391871 123.04666917803749
7.599634446157583 76.21617731548176
45.13553923831649 74.37967291345856
26.88333102384208 31.702661635681796
85.99549416298035 42.06854715544477
65.43989015008087 38.106690050838544
44.811313805249284 34.79790904069113
67.30253725562184 15.716169434941019
88.5786935546701 143.5959539726573
136.27615744359673 50.17220853542534
22.379167653473065 126.92383569977905
99.9356864497279 147.65574717709382
89.94392922367697 4.464970166984799
130.41917893877738 65.2665351782772
57.65997429426957 129.5964896100769
18.88245968280069 32.28038014358259
122.82202256437411 41.39570702564122
20.0589998734021 143.20789853260317
101.3801230009105 107.84413874425702
118.59836610477316 130.1772535965881
35.026327653263 38.75162859666502
123.25899457692306 82.79839585347027
37.77085612265571 0.7452573162107734
5.870868404290181 122.93094612147551
15.447359812870143 6.168650167440775
30.247318429770715 19.419286831136244
7.821997640290023 58.97344636555322
146.26865201243024 47.36294861303958
123.4788178797229 32.83769981568996
13.775387524328425 68.42855232867083
69.40575870776665 99.43018929347069
72.99448211407957 25.054502738967855
108.5903284795753 1.2321103258407573
45.58571744049066 141.6280975943793
115.12258324638357 39.68996643173321
50.374057528577495 111.06817157918553
145.7095721544734 109.43542832287443
51.73209274153398 137.33397955817233
38.1947160224538 34.24184743011178
121.40144066874305 121.32588140437771
125.35485263204983 19.43468613651597
36.36507275605662 45.264052835394416
32.29407585984341 105.98975369900187
13.746611095901157 146.2866248084303
107.8681061559025 128.83251526194294
59.69498082314328 42.73659912148868
42.65691624567122 60.10751357644509
86.02007152438978 73.02154016913582
12.0630918262433 64.38920158192029
16.794829840847697 38.47345599770804
110.1489849419124 22.833413084814126
42.26912878163721 62.375364510905904
78.39037574981772 100.18520641350491
125.02461195308439 64.17733385069758
102.67776444978725 112.56044724643974
140.56449215458147 92.33325620468949
131.9265130464201 113.24648518250909
3.8227538432189903 24.528298986305963
117.36502953083061 19.195977344404376
99.40719623941085 74.83699743853518
10.499761361826272 30.35796833927232
139.78591015014248 122.85788929902591
48.27275875200527 114.93722375972372
25.70841435751522 81.09034216439734
61.76669120014592 141.10330304673053
79.92807828611635 149.43236712917593
1.716899628952634 27.794704602187593
39.64016255104802 137.31744529970044
43.70343363028738 4.402157037751431
130.84443123611626 79.47794464651555
100.880391908067 21.077847281597506
30.69142206124023 47.00981223397358
10.550823635713385 104.60352718508794
122.3274766928915 6.97503474974836
143.79314307294655 47.87136329159079
102.8285829031463 149.6477722443063
121.04686794015181 49.17815519278575
88.07543677166727 8.521411682932362
9.030186019791142 39.63579268307641
102.57783847124648 121.40024405302655
25.184152615988715 3.469674608702844
128.68493762334268 50.16104023101789
41.1022678801635 70.2180494097559
41.28369816969476 39.51771876721502
145.79774152538653 13.343830731466365
5.324381953995372 87.91929312125708
74.02352949070436 111.11106013813335
90.57315392796566 2.067475358682019
39.643036301535396 114.34482426118086
65.33808352141828 16.880114949973645
79.09203322177689 96.2933282798492
21.863260350607668 34.65004028550433
129.4139770034401 48.93425881157519
16.32027483817322 8.936407271811397
12.968049804942726 1.7112320156687122
57.95617893524124 140.94350758503487
68.38587813968478 31.932988504478132
114.62614526656102 44.03787818573328
64.18086658782374 31.94176858457009
81.19585908779644 53.993301809725644
78.15658712898883 86.66089319291993
132.63467328457656 93.10759711022007
38.45675349652053 146.44705595582928
103.8903741282368 106.61924080063783
63.31162370391697 78.94898705775555
23.649107536816505 29.642811941101233
44.391520286992034 0.34980531358722033
107.66099270917537 125.36289046071413
9.277740576131526 22.718650426843716
114.92266468318587 37.24625555523547
24.802217036324958 23.499056206762663
100.15091702524485 117.07589258392738
52.44421664983004 33.39013828559834
32.106708137175715 130.31052485873545
83.44042256675051 57.31040454883183
60.391718623169304 74.02581501983734
0.49929640855643775 6.208770591924207
57.00820957078157 28.889885776028233
125.96968722788927 68.69737609007899
85.32103999076409 70.26784231289459
75.9391697972446 127.8797828521368
117.95636898112328 65.65408291254485
90.55984091793681 98.68944579199227
24.381913018634684 141.19209292347915
110.58721295613404 105.1687090494081
57.048117657470385 15.261521555488756
127.3232521806406 34.63040869401073
98.76593735544961 106.22801336333255
6.159672858786286 66.9494306748126
146.48653890801023 44.95774554327419
130.27195177706307 95.01837514210676
62.108771265655946 135.2115186163841
15.013764171668392 142.97816578497685
136.45854427957002 44.80513503729438
28.26768427873937 78.06014971057579
39.049471917989344 11.997788692631678
117.41430695305108 71.4955486627182
83.89875710021093 141.32973089528127
127.9969287173275 39.671721596589165
140.38743594622113 121.0107229103592
64.02019731437143 3.712302119426897
76.73271262833106 122.62063726923736
36.7672862385596 62.16241387323926
117.15741214270746 98.12906426329276
113.9238314744211 106.7060784286961
87.7554615565703 25.829801810336257
34.12250288684097 5.282371189506713
58.85729961369018 140.71566632587744
20.565848790818514 95.64933826249106
30.231410295583416 39.28976519187917
