10 10 300
7 7 1
22 7 1
37 7 1
52 7 1
67 7 1
82 7 1
97 7 1
112 7 1
127 7 1
142 7 1
7 22 1
22 22 1
37 22 1
52 22 1
67 22 1
82 22 1
97 22 1
112 22 1
127 22 1
142 22 1
7 37 1
22 37 1
37 37 1
52 37 1
67 37 1
82 37 1
97 37 1
112 37 1
127 37 1
142 37 1
7 52 1
22 52 1
37 52 1
52 52 1
67 52 1
82 52 1
97 52 1
112 52 1
127 52 1
142 52 1
7 67 1
22 67 1
37 67 1
52 67 1
67 67 1
82 67 1
97 67 1
112 67 1
127 67 1
142 67 1
7 82 1
22 82 1
37 82 1
52 82 1
67 82 1
82 82 1
97 82 1
112 82 1
127 82 1
142 82 1
7 97 1
22 97 1
37 97 1
52 97 1
67 97 1
82 97 1
97 97 1
112 97 1
127 97 1
142 97 1
7 112 1
22 112 1
37 112 1
52 112 1
67 112 1
82 112 1
97 112 1
112 112 1
127 112 1
142 112 1
7 127 1
22 127 1
37 127 1
52 127 1
67 127 1
82 127 1
97 127 1
112 127 1
127 127 1
142 127 1
7 142 1
22 142 1
37 142 1
52 142 1
67 142 1
82 142 1
97 142 1
112 142 1
127 142 1
142 142 1
47.14041285603203 110.55047076541643
116.87326137948605 73.2603537229504
55.15603182602901 120.22709774973737
81.80411021321171 20.17412904268311
97.22167563705844 49.77660770543594
4.927367318241277 16.18027560554014
47.45652053886242 79.12538841995796
133.88859518277158 108.75187144447676
24.84575828717448 141.6807917134681
16.17154793863204 113.7831905849761
111.61446455781648 27.51971115666257
149.03799945730646 116.75064009474853
84.47509913402875 49.714897756930775
108.01752071956034 29.455670387438648
129.45878865221297 33.75858793680156
33.88669835127519 135.5492347139581
16.66373972117788 56.809886166428335
99.33457267366376 28.631872647393497
139.47499195261932 131.80888072677558
117.89230275280536 28.090153056051204
28.597981328319282 105.61757666975649
137.35075172086476 116.33843255135885
127.31428322489299 81.6947304800382
44.09021250618913 39.778496024853496
41.36550234524924 0.685382120957434
57.0453479642166 14.245190995261336
19.60865445593292 87.88257172188008
131.2270568660392 55.99873618156767
99.41960121612021 37.95735136103931
52.10646256137207 23.785059887663124
17.07613164318669 96.24937248128346
70.06100194344246 116.44304367104844
34.21040293503786 131.18395490952335
119.2022063975658 35.604624035109126
107.33272300882757 61.11695771792768
90.6227665623336 47.18883399621877
136.41565965737652 94.6421308322705
139.04342529222646 0.01048082339171752
125.57527391670035 134.92142936272958
85.17083225986887 149.24349308786833
14.348805850344393 47.888643530183586
23.215978646268915 34.321756224806784
22.66527775514382 23.103111251587364
34.45812939769936 11.691675458710815
149.23305516624018 107.65800605330234
132.50257066730458 88.2368327466569
8.438275638500448 126.74969579976673
32.47558803214417 101.42382738899668
15.29276646290239 111.45274163310407
52.065094064924544 117.41666834758671
31.39796676457153 63.50017910139668
86.94724691191222 17.798431651911905
128.20475340810003 137.50831380839205
90.872552765043 133.59497850360276
44.05457255762287 67.56498117618786
31.49994581193944 117.38501096574521
27.85904672634668 28.86003487533717
94.14727619131327 144.31828308675276
71.93641444717709 122.91487045710015
108.35202398697858 46.068966506575734
103.78128308350342 34.5220618804573
41.02945241868306 114.014174230518
129.06613144496342 9.054293279001897
40.14721482372846 6.944530057730569
126.61448188880827 81.07825137061712
47.942306575755126 136.22064407468997
108.83794402940845 31.75950241387313
55.51865955861091 80.83872626108703
132.34712148095934 88.4178292839496
61.8379508601537 35.67133239977846
21.882064138955048 38.54576682476001
87.51785260655657 90.05238444106817
148.8680309359489 148.37400429967616
16.81585520355845 69.09794777932149
112.86330693019751 37.728876706561444
100.74971106786175 23.314774285908562
132.56216669765766 4.419872569944455
21.12854553937022 5.673884755373676
99.07790287209286 128.83969947316157
148.01068411545413 91.53987476418757
9.735408965990633 12.610381096345973
68.9967100407982 116.3696168860396
93.31906082372093 108.04130863877687
13.656886562725635 23.25544092037711
118.36758868061138 44.52106516342657
101.1615936668014 50.16819517608408
90.92125813369614 57.41472796957279
72.3676835216447 137.22720802355653
100.86768271632701 108.92776391909499
77.07122300992938 42.30698804025197
94.82320284060526 77.45698133858451
60.52912748767782 92.90874437586801
34.29567129829622 5.526688756290799
88.23080000905753 135.64679858447033
29.91779295396314 15.748312658537028
109.07652178658732 65.1499616005163
58.86136436629462 7.797118995536528
33.325388454438674 67.61308848659982
67.77132830204968 122.35586286380166
135.9545324950821 62.31780337281795
31.5563481437829 6.210569749505391
139.06468836542052 23.080272574728745
149.5166784728913 140.0876582648742
142.59028010029786 82.57215810220181
51.61088705138912 112.99656609918202
42.15364352919169 121.17858325018622
32.62024738797008 82.01480548225246
0.6087944291843561 14.036277319267693
73.26604380240899 147.83946838868272
61.51034107609892 46.239052491557764
72.25229092497811 71.59291649113297
93.25828483985357 78.94865831965127
110.80802814004049 69.05424267312426
24.791249211459625 38.92157212180003
51.485857880130645 127.42943425146876
108.62077658685803 6.564233602328217
9.979943962697051 118.90621629704074
31.11918624430286 92.08573618703612
113.91059367557821 52.69313257280893
42.30290089635557 42.99093345735934
66.27794728300087 42.45973486336621
0.6378864832949638 71.67693597622721
45.530661745573866 120.55547667959073
49.85997409821109 0.14318678854383649
145.41553418533024 59.61847974340767
51.5580252971856 77.99021929947978
17.55985367106085 27.25890903816659
129.5810588557902 50.14118164709746
130.83434813096244 5.61576432522774
94.26216254076526 5.5864492649097315
144.20223539418626 97.12565888888055
15.398006074922238 74.44158872598422
38.2045302079629 79.18915711640663
146.0786455632219 34.227721967237486
121.12245398308013 80.25764651153622
14.709456399116522 93.126614189656
108.93364059985686 98.41711677929351
116.64689403711081 17.932044245291035
67.31315317751634 133.0217748478272
51.087246842935876 73.93631071293069
75.80381094434017 82.6231124911083
32.731821161061966 67.51420966382824
63.98753264129626 81.72104862544117
78.05834596201018 84.7263730064953
15.40973209990098 147.9438364316495
82.40517469293336 93.72841697002545
44.842378688157204 70.24262908664211
136.6999431494892 18.558245838225968
78.66128881139396 131.59880044179255
34.7578470590748 49.3062542312617
27.47211127728464 15.49861117995201
142.92302703890343 109.5134370771748
142.78476923178357 120.81504274946604
140.94393372400611 118.54297944331532
8.138041645476141 72.25208124652076
64.14529061340369 59.41765313271261
121.88785397778136 67.23479859567296
17.349470597475303 33.029165227828855
140.07928730897873 93.34293134702312
66.12979654772069 104.01740004359428
71.70720422632344 38.0321320584045
142.40378275534238 76.42962860479103
64.17612849269716 46.480202306400194
41.68153320150521 142.7361025909042
141.39187079250618 19.12672976758789
91.40451301655055 133.12911814895708
32.346040059622176 26.495070860936167
140.80635780139568 85.61900732281345
58.177257342437976 3.2067000568356874
46.09050770239368 99.82240404827733
101.3014688967384 20.366886603226845
100.39379155785625 103.19346318398162
111.66709903371836 12.382471431945497
67.05118690679598 77.83669054507328
65.23142719706604 53.77674664030651
28.244110188216347 26.18295052103023
55.01526120150604 17.20266311530668
92.73483978252693 105.31957774123575
122.84862509810178 142.87597518912068
115.5618604256121 119.47932378841031
100.18829827054884 129.3691626259369
65.23204479574287 75.73061759453572
135.92594018644945 100.35740531117555
57.3411649857252 84.5246480409201
117.27322335970513 149.0030053600125
133.5075655561789 146.99151415652946
116.89109775074719 137.04823207005936
116.95716105715792 76.76040729507285
80.42810302250261 5.701954714021051
143.56261573207473 18.767289128370074
82.94208234312156 5.922297709368668
63.57971849440999 23.5247206562015
103.28311149256898 37.910908705597244
144.0749834505425 35.31690831545348
102.52537928019525 99.68268738789405
100.0146872151467 126.80499637993336
148.23395849275943 80.69569034381023
62.56497285423612 43.011790759051785
33.779486054418115 125.99872146340735
12.797651527788206 113.46558187499188
85.60172532014349 55.886292934956586
49.54721996660352 0.5874158063156776
103.47204087624708 116.90429399405183
129.50877213554122 103.1325087071168
106.45840169420272 13.578347588537143
127.37777148153641 55.64489248791713
129.80413425839328 20.259882597330066
6.372848685768839 106.22008931961454
97.83430072966694 70.49938611906593
145.8219844775046 68.00891756399648
113.84238537235557 63.24059553749591
6.712951657967404 88.57405366241113
34.12509916979691 91.47762485135864
14.871624062501477 13.050068912640956
115.00545856377548 128.01107955528474
120.42856060977125 86.33317867988421
101.13151922658786 59.11405466042132
124.52018480325026 0.5871779870943783
92.04675340997119 67.86685560063036
37.39174446478709 130.37800218566153
1.0423080036023047 2.2827799561964737
118.14679194268598 72.84150255191406
77.58581106317772 120.75274533652107
97.02056097646025 119.96013927526553
130.98320598393488 121.05771941403108
6.1875189237236725 57.52359013617401
100.1222293913063 105.70747006568568
83.91898154943112 142.5141802606144
8.508227960540744 149.35774781201897
61.34093060259795 121.7611003361599
103.3534859627175 10.628262466159038
28.498832412584473 143.67977360688923
103.54210514003023 4.393007007981997
40.14253087937768 62.92986619780179
60.79448996134076 10.505292160998453
94.94307643571413 34.54589915785305
91.85048552296452 53.33696814718009
63.3100260824513 121.5075647686924
135.4926739432934 110.36752335259808
135.74622331722435 106.5754543635718
149.9949153873396 4.126893370212925
87.90252829706893 58.344380178181865
88.33436843581846 145.2237671819616
86.08625462192065 5.6085370827305745
83.48389233198122 36.39226615874566
97.16274463221703 91.03382399022078
116.42288492530366 54.61696736310866
146.2691028378778 83.08785052834563
75.83695879404598 129.895815224684
121.62786779138362 22.383922249680694
142.21743512575256 111.66932884486597
96.65735394059126 27.852031092737327
98.62633838508107 51.5249015465647
106.06654927238431 121.06428601082625
133.96112075588735 24.481981832332995
64.65984696459596 86.47997949836243
44.48327537320309 83.46272654362785
118.82416254408732 45.59474376849643
71.17345372140181 95.27723399920866
131.05867734273397 66.91258324879648
101.59029233028166 113.59784344230452
143.05165199266972 148.81016191323576
116.76872296358901 148.22670459478155
18.774675098031153 20.73872327250852
76.8664577372407 104.73842979496128
43.073138888744325 104.18751134719439
118.74017940264355 33.14168622145781
131.57993640153254 123.27442701688523
145.1735867715682 126.7931051558977
72.87565664014434 29.358553614242382
103.79275537173777 107.97335234194527
124.25609303850726 105.95638916451188
48.55068155932421 67.80786978630411
132.09930833247117 149.14061260825656
146.29380092401072 101.99745067385709
92.28857312758902 79.38343749861176
32.417870869103524 71.36496759323789
66.17111756754943 127.22860144396827
74.22221344645774 117.42802011836744
107.28584874426025 138.56410169300287
56.965246643042114 128.6058701796616
7.417719469389045 138.56893139919782
20.053237967256493 14.607451611056105
97.09499118069364 73.35193605587116
44.884583744277045 109.67524426390685
92.74702437497811 32.88696054908286
74.57690036758017 59.591181786472745
82.53846274781644 139.07233012093818
123.07959289938222 93.67452075694372
25.186905955685702 102.55192291943408
139.83220472680824 7.953668710298112
130.18724069418911 117.94841905261629
34.60722029391684 120.75913999522577
2.7004239602874955 137.99104981168912
146.04651063016547 37.778624123210186
148.74351688033914 29.12480047593299
29.660738746746507 41.0789518491645
122.89455981426576 26.77424202158415
54.26605148476952 72.39405570698788
48.22656039235132 141.5261513104541
