10 10 300
7 7 1
22 7 1
37 7 1
52 7 1
67 7 1
82 7 1
97 7 1
112 7 1
127 7 1
142 7 1
7 22 1
22 22 1
37 22 1
52 22 1
67 22 1
82 22 1
97 22 1
112 22 1
127 22 1
142 22 1
7 37 1
22 37 1
37 37 1
52 37 1
67 37 1
82 37 1
97 37 1
112 37 1
127 37 1
142 37 1
7 52 1
22 52 1
37 52 1
52 52 1
67 52 1
82 52 1
97 52 1
112 52 1
127 52 1
142 52 1
7 67 1
22 67 1
37 67 1
52 67 1
67 67 1
82 67 1
97 67 1
112 67 1
127 67 1
142 67 1
7 82 1
22 82 1
37 82 1
52 82 1
67 82 1
82 82 1
97 82 1
112 82 1
127 82 1
142 82 1
7 97 1
22 97 1
37 97 1
52 97 1
67 97 1
82 97 1
97 97 1
112 97 1
127 97 1
142 97 1
7 112 1
22 112 1
37 112 1
52 112 1
67 112 1
82 112 1
97 112 1
112 112 1
127 112 1
142 112 1
7 127 1
22 127 1
37 127 1
52 127 1
67 127 1
82 127 1
97 127 1
112 127 1
127 127 1
142 127 1
7 142 1
22 142 1
37 142 1
52 142 1
67 142 1
82 142 1
97 142 1
112 142 1
127 142 1
142 142 1
129.7486270016583 20.20091049396793
2.9968232508763126 53.52848638728745
5.223052683039475 4.154008051938152
94.27020173645559 16.353136882502067
27.559833802141053 80.53155901035008
131.44759446077802 36.58869057968502
49.620913431726535 84.51323581706956
18.11315602142645 140.7563481209359
73.77520500839505 1.5736813229273061
95.55626869126232 111.1864833471941
138.03184869881696 143.4778752839794
99.7246666366836 54.667541010616226
145.5307214588732 117.79731395563645
81.17845578817605 70.576702630154
89.84011346371169 16.23692206407471
117.6692983868868 137.319081740693
65.38684590627598 136.18864801120233
104.81895982043602 136.71149275916034
95.25405808503164 149.86746204641582
98.50037771828352 101.05638743375937
52.32392673277031 90.04704452835722
24.94452165558567 71.3074185948255
41.98818910229005 89.94851662550231
72.30802306832935 106.65663492201685
43.411911197102896 12.510445778703255
128.39110275237755 144.11050131498496
70.91633770292815 133.0752188649737
81.08823249083753 9.346026967835124
1.5443293146415127 114.97403242990988
127.09122093950113 105.3113081890754
56.83657663916061 3.2478477691638585
38.59216116449686 0.11929576209935844
77.0346931182208 56.59731643394675
100.72367341333748 74.04439539235301
61.64503592956749 142.87396996034212
49.2273595925631 101.22870865567863
121.85882492632237 82.31642281334584
21.87177263332488 98.60028051704795
119.84920044620341 95.38021109514682
7.114734264033151 20.774057164661343
141.6034510942431 49.31913653545482
111.82346709544727 99.26035833561222
61.32784851911096 108.03629318297028
79.80070301868557 128.6573763629104
107.43549664031325 46.00640286762215
114.46180525400707 7.270882687065205
133.57307738062042 110.41462762211826
17.638157484305772 51.12206913938849
20.165802179642924 128.4192800828584
125.86651940700396 140.07324484384523
118.21172852404496 82.75347614547867
104.43358404390649 68.38838875529159
78.02222835945408 89.39132735070676
123.42575611855399 134.45537425581367
69.62835896316292 132.6715689851868
64.59861249682018 139.67667335573427
15.054332163278467 62.432628163520164
57.04133273299824 126.99776994045155
55.46243888894542 29.770536475096698
30.89344059240804 63.57427626719256
135.7296222121279 5.569372604034389
68.7728358573707 128.70806654041888
16.319081500102577 60.919806532468904
87.84725488378969 32.471984228540066
112.98944530625361 106.62309475835092
94.32912057340546 133.360195888965
114.97605316287007 126.42517019208339
97.48136599603377 108.08616107400248
48.019265212010204 58.99434122240607
35.12605261089889 54.1168924803868
46.294278359906 106.02205653789106
45.554499859380506 148.00577570544613
18.07608932217935 148.8291980656281
21.105100195152083 12.852599726262948
7.491586124390337 86.49163572719819
83.04188259230574 38.43405144999023
55.214520076065504 126.00584291744086
59.74168768476121 111.95836894714253
37.430258503189414 91.41073604578128
1.6950804812018994 81.60924241979632
144.8230904406395 141.2381427648814
129.15025621392806 133.55393405449823
56.314699454609205 1.5364793426127066
146.28941057286872 124.5854826641807
110.27151644052952 11.529741410928606
20.53535625660362 75.7606297312392
26.425832037425312 26.863601540479152
137.7190780117035 102.46043655164681
96.03219914277527 104.09048542578013
25.76211816654314 69.33694417419433
138.854673901202 22.72432270324853
0.741677795819562 9.624462889809932
29.47311519867477 121.9783226951837
70.03916306417146 17.08639201615936
48.63713929953744 111.0589719564431
127.34158673808706 106.19877209583467
77.93397271717105 55.221958830865795
117.97743604766592 143.11712341524634
52.8564164243456 27.065324235984793
106.27159932006347 73.53643497644785
57.391734313065534 90.79050859814586
131.42364925568552 52.02093522866924
108.02132812660932 47.56670755198528
22.315823993136814 115.56032483720227
90.3214633531195 78.33829226735104
85.76376536344189 81.02864258606493
89.53857387249975 66.06893904518023
15.553327664945515 61.15402854359246
114.70119132788855 38.28717816655795
74.9486916154444 50.706085855697005
95.59754770033257 122.7676550054407
135.92895991826344 120.45356821161482
111.24883200547627 3.6960622228862094
8.740350051691436 30.994451224872442
64.11127359360843 105.36312394717875
87.50677150437608 103.72213347585657
107.57046112354594 1.9501878301131148
39.4931461774184 4.647948182805505
109.22248010610308 20.318125315035694
122.91492476252877 1.3685879972209825
98.95458511996681 109.46155844283449
16.689561434723082 143.4654962015886
45.69938283538493 30.700967463646993
70.44482228424074 88.1911723129181
51.43220318441723 143.82683313836384
112.28464810339445 46.03690068582452
70.52734818186858 46.75001559743433
95.83616700227758 122.59318021320297
85.68595980194983 85.83740626273207
119.06407288645546 43.90919976735991
105.21216439577893 58.61662997663644
50.40755297169856 56.39143908022322
103.1503186900755 58.987420409833405
43.33805780478598 131.9512999846227
67.40667405264139 122.254486579922
70.50418555325777 89.72778780336192
131.61055565030907 14.42163313343433
13.36532498120997 81.16512496854861
136.06370996730132 0.19558320130852458
32.71888657617494 101.54660501867751
1.5699803545096425 31.37235151083866
29.368958832645216 88.30857440887262
138.09408794570209 98.24464991100211
29.99163410264248 38.78865893468148
98.33874025604231 107.23522408089048
141.83237448662916 112.60637021501006
132.68597193738785 149.47600519881925
51.998050111672164 134.7920129039581
0.48845922220875915 74.83286013250408
40.716212378452425 87.54422602954853
84.16573166775656 50.68403578692518
26.855457489733205 83.97907879467009
99.84257714133375 18.40187520557326
109.10686192925097 15.027247160465468
108.67169651176953 73.43286762125018
27.727294944189296 76.37813061575123
51.66091501427674 50.773710657360915
130.6258774511476 82.55388627537558
17.029139383751208 78.54086730376977
116.29970006313708 8.672400737332126
67.07294980874994 71.81166266449738
14.704165242238016 134.1921616736745
84.71725939839695 119.90536266445253
110.83716509013951 6.634588878178232
46.16793833739523 7.267233513685767
72.67289132471244 8.259205275223087
97.80713660506365 39.477526884839
116.3071552501047 60.95514459442676
72.58931730296972 25.302544606191336
85.76759384831325 59.22236819352097
18.929185779772173 47.990578970806844
95.55826972653031 130.7829258473417
139.43086085581368 113.22829836444204
138.24848447481577 70.61263667233193
48.31056113916857 138.46973369658366
22.028344813332694 141.27705971503394
136.91705912194647 36.21467538813615
138.72081150264773 142.8162412232357
93.07729117324199 63.53985939402851
138.62046824319168 147.56788117704943
120.97021849029433 38.72136839373349
2.978796215316404 11.373294749276186
8.743113614034204 43.18200945507481
25.74551555822954 96.05715828554146
59.35159583927252 39.73919227186145
134.39181462244886 81.51859652811298
62.92976278723908 98.84622563731224
53.60500019839579 2.9582391632149427
41.19440310369901 65.25042733700751
125.04085454864703 100.92128554536932
30.441172158252307 61.666269821258645
124.51917970361133 0.9903039830896743
36.95782259922578 82.83525626100143
130.12164383152208 18.28147841144948
11.046283055794575 73.19351171489356
121.7351241245977 2.5080245835159163
111.46418138353766 20.162137822821514
118.0055336160361 108.8386027660953
37.77087894086383 125.1027177541315
100.0193118739254 74.07033320110342
118.5931520953606 126.3735073206372
9.630165829933224 24.744586939867872
71.00959370577414 18.394033732893128
76.13344030750217 23.023093221394287
124.20852883939934 86.73692294950115
60.5489264586228 132.61529132460512
18.351561198766593 47.60356387089493
68.21817630075519 24.487745201660445
104.65721238108218 116.89218290875964
114.45111968922465 148.10129985110365
127.0919131815142 85.32752134861019
14.832708886985458 71.65288094615802
132.95887590424329 12.36360655358107
15.152247448021383 23.20708514048913
144.89965135573638 117.70732638605323
50.885608364759925 23.753705166822186
55.03553005037642 147.17180976271604
135.573334057448 116.23130082949072
138.99429771069694 103.28767842425174
141.72693059167193 74.1574266560024
31.92682691942201 0.8648968030179449
138.37116503219798 72.66417076136473
146.21765709510973 95.60915972832119
127.81005833716522 41.55295984723188
49.53284749486406 105.59480231875196
134.33702203136176 123.37345038436526
137.37715978644286 73.3168333439659
35.27486199283793 71.51368511365655
82.62262821208421 87.60223856481049
87.95747425493758 13.42730168390321
99.64998060379563 91.72961585223747
85.22776981368351 77.49833134771993
78.93222892040974 87.74320850070451
107.86995090393403 59.19054589464541
90.82742822144623 43.57734154122761
50.65103035340087 127.24804287998364
110.59090591118158 55.145811288956786
30.832790993054605 105.78912876064612
114.01809191181067 47.37580942126942
3.6574992724264455 111.30064239275394
146.76306418868177 51.7073057690641
118.73083037575385 57.51425415497099
87.34052250378177 59.03203644275054
129.75442527676077 49.85425025274884
8.064372097175143 49.248412638435276
103.42385995887122 83.2296223368447
108.93184510834898 24.197878855625206
123.26535106266813 123.7819204655327
117.33471929386342 99.51656386538434
142.09779011390614 119.06169628692423
104.15402031793113 67.43168138665779
42.62680103702395 68.28331116730367
136.67623900397635 76.43935253533594
24.297131362975232 78.56476177935052
62.553000114390855 22.227808803506665
16.646238263306774 6.62991071630773
40.990503247934555 133.8404109926787
80.04445439197224 33.11239412551096
94.38160432576188 73.55268774048214
131.1900617508788 129.70374982425193
37.01484208825071 116.74038092254244
74.28347276458193 77.94574367569001
93.58710649386097 30.360889310134887
88.95926062982178 126.21736203199629
101.24455804153425 120.27168053975083
131.36864727022584 137.6500288646792
32.78167620338145 90.13959383718394
126.70535024256799 68.74996626521376
85.73627051859668 3.129810442924036
131.74405408968786 64.18369549195762
79.86351223564314 56.298627830946295
126.94760463794978 60.47128580350732
25.026143655022825 7.036858404441443
120.74285004394713 76.4610411919138
137.57844471570758 18.104593794826542
109.33107769220108 62.74014983256449
29.028620525127252 145.79405866193932
96.33793967866931 8.048486770837654
69.83508515886209 121.97508867686594
37.21162905737914 116.85428074245368
87.49292123117985 3.538696242110828
136.07011171051727 131.0648474926538
6.26373094607588 144.55776655063588
74.391577342089 7.335869353996982
54.46672351013877 67.70008375874346
1.2292252463590891 138.10787081025666
75.15491045063011 45.73547942198542
93.96874705225683 107.88858757875072
120.51022765628035 74.85427532472677
45.56797201156118 143.75489472526917
126.11657042227199 18.72794979717073
91.909076927797 77.73989298793185
77.67050729207331 79.98472033271605
106.1131369826551 49.57394147472965
140.58644823094622 60.60363122054717
112.23823976035544 17.82570335594016
17.258099628107082 70.02221362837393
75.72124633202729 147.5891188490068
138.73412167325296 55.53436512488665
142.63974251086785 18.626756690977082
