10 10 200
5 5 1
15 5 1
25 5 1
35 5 1
45 5 1
55 5 1
65 5 1
75 5 1
85 5 1
95 5 1
5 15 1
15 15 1
25 15 1
35 15 1
45 15 1
55 15 1
65 15 1
75 15 1
85 15 1
95 15 1
5 25 1
15 25 1
25 25 1
35 25 1
45 25 1
55 25 1
65 25 1
75 25 1
85 25 1
95 25 1
5 35 1
15 35 1
25 35 1
35 35 1
45 35 1
55 35 1
65 35 1
75 35 1
85 35 1
95 35 1
5 45 1
15 45 1
25 45 1
35 45 1
45 45 1
55 45 1
65 45 1
75 45 1
85 45 1
95 45 1
5 55 1
15 55 1
25 55 1
35 55 1
45 55 1
55 55 1
65 55 1
75 55 1
85 55 1
95 55 1
5 65 1
15 65 1
25 65 1
35 65 1
45 65 1
55 65 1
65 65 1
75 65 1
85 65 1
95 65 1
5 75 1
15 75 1
25 75 1
35 75 1
45 75 1
55 75 1
65 75 1
75 75 1
85 75 1
95 75 1
5 85 1
15 85 1
25 85 1
35 85 1
45 85 1
55 85 1
65 85 1
75 85 1
85 85 1
95 85 1
5 95 1
15 95 1
25 95 1
35 95 1
45 95 1
55 95 1
65 95 1
75 95 1
85 95 1
95 95 1
9.476833865111445 1.2081730484616804
1.5037347955183078 18.310793195919217
78.32044035827715 12.079576149001458
79.78779462807616 46.91832375998419
22.135214615977194 84.05177530978435
94.86826550210114 89.27310958022862
15.811047179974214 14.177011388647287
42.315379328060345 87.23126487947307
20.93679789569468 85.07081718347209
37.54035252516277 66.90735638019937
9.543549187926503 62.15531026495971
45.33329845045784 19.092632186044256
60.536638654127096 14.152942203090301
17.02656858257242 27.45683025220401
79.80785669936772 69.51908891829521
8.184469921559446 2.096098933832524
49.23846838610251 46.799602367635686
24.946129272352024 85.91698084935922
0.572508858234777 68.50593182774367
37.489961869977776 75.2180423629755
9.166581913162098 89.16971106324742
59.49215002571921 2.299401585481242
34.009909492776934 88.73699577525242
3.8133274627637936 59.19801449030287
63.69133849755747 83.87666937602958
13.486633783844137 36.43330579394591
41.357480158946366 71.34201972169437
70.39270086736053 55.971849970970034
56.20792445828977 67.71048446005119
19.996653020408207 20.964911342768733
69.95397000605966 11.798624605622255
38.36816300354952 22.041604385693457
95.80715684868716 42.989654599031724
96.83686142585749 24.17433504702401
48.44091528097578 33.09714988155079
42.272016444674065 37.41840339587811
57.92601497278649 54.92114402973747
77.47492529893009 0.632590742886241
11.76771081954372 93.05467541261788
39.468647657843114 18.102482724817705
68.6409160001703 37.54087639739292
33.88533984800327 48.62634281687116
94.71809105506169 29.456117310561304
78.65941743626372 38.43871454631933
75.5963564008822 25.818254067627667
28.959655918014604 46.74429367591676
35.20849979816507 96.30532715233298
71.36326421820091 6.071651017848778
10.052906235176396 99.9378128251142
13.782482280195795 18.211849098504562
35.62686614840773 36.01203013503965
16.821685166295797 61.174659264636475
33.55386943682549 72.96540055637212
2.8539745529673977 28.4520411072247
9.36941442783824 47.68812916066698
69.71928003745361 76.96316561451631
75.07779375500324 89.46625208430405
44.42331421044797 92.39263422964402
69.25200767423182 73.21423908792039
39.28850448194824 21.015530987355323
17.693529043102842 2.138367272636066
79.4270522323051 39.7207860667099
16.33849271219694 83.59366339146503
65.71483635357873 8.766775745296629
41.77784269888763 8.27373274848946
41.814279794547495 63.31679735282217
6.295928006709717 22.859476184261563
47.02817269211057 93.30902417091315
94.50374412422843 59.420845898597904
86.12469196338206 14.992168189756228
42.052873489479325 73.74352060795026
27.23571196857971 30.416311336816293
34.03607095957389 95.50198830984684
41.27419196678754 65.16427259648576
49.816185046061854 61.47142553059385
56.550915006613955 5.454229886986239
93.5007632230261 45.25285549629824
84.47803827120262 46.83839521759595
4.722855894730992 96.49858576890328
94.47740379794715 60.81555197880637
30.790330973859923 88.43445950945093
25.710817573412935 97.68285864787542
29.613181015513945 99.41797501754152
2.5624209524338304 90.10711159680805
94.77881220938805 18.36105127595904
18.709501177108812 89.30112004099848
87.9106157760992 72.09556296189284
36.91933722356235 82.38434479423383
73.71994260055554 14.04859416833677
74.71019995136028 25.779451021908674
35.306567575129634 11.483726994164634
41.29999806153513 72.33191436641064
34.05673442408501 92.91579775551585
36.67351712665061 13.077421279981428
91.29323226597985 32.987222069032896
16.357811218831454 71.82037703762605
65.67061973764356 79.70446823325247
44.060301819510016 61.61052465669442
97.19938485136788 67.48151390011675
78.84413668428844 77.24271566786953
95.83144068412672 35.11333977458819
7.267871234675871 38.64324395119117
78.59976767582299 2.1845699664959417
70.535800141093 85.57173508940133
43.601292407310574 90.43587365612765
10.833812621473715 92.91836944618154
2.471531302959906 49.66656727625028
12.714161372518207 42.64231438576947
37.35578972999129 91.69874594158952
31.890482405671317 64.28060361421348
47.22236710890142 77.18182860681857
47.100152395688745 22.854384362499236
30.74214372442968 82.19328627959062
52.86910560203303 12.34955998704711
60.865420187030736 35.28625790419583
54.50680222372583 29.634937848529518
76.68263606018226 77.44122813286326
17.183337426334553 23.847078805891353
14.03702330002593 63.27892628273406
42.254626928070316 63.664322890307254
73.66247583350763 43.410568064706844
21.66774505566519 72.85337795539519
98.90863440705026 96.58281710501154
1.5863097806916415 37.32840291294547
45.992779897673884 10.745155641964955
52.15480255967445 71.84714373266075
60.420250572689085 79.85221683676104
59.013849939751765 44.45896240973066
30.95761365288937 48.13419750088996
87.38457905412663 84.70653765396239
99.6502190608332 93.29750719207784
14.596323867071126 30.91933498673044
92.12268615220998 48.62734500538115
4.408454921513383 89.8597975485786
98.97937564758064 64.77419239183878
67.84841265686802 59.92175072825098
25.37327000765127 45.19680987665788
31.38702125693593 45.92321789889146
39.69798652175617 81.42730515447344
99.52081127019757 18.272643906379926
80.33862348543481 36.24427897536172
80.25503533763194 14.57116142962488
95.72119578086836 67.77411393129766
45.25921182792252 28.006842424785027
21.07507293132639 73.00920203587322
36.019574317423775 48.97988270766349
80.61935290081522 14.396633445358553
97.53764767899911 63.00630018970432
68.03783493486311 38.280574452062375
72.74661311998157 14.25696228858654
74.95025958451014 80.38977496404827
7.087523786507132 46.73353964001169
91.49470159211339 45.73303662226239
13.960401165914371 47.96648100028863
6.0304344411643225 11.744656162152378
31.67485701692634 89.70066084279968
23.99341014047711 38.591096732620485
45.53751401955434 3.572240333953658
32.206361748118574 18.734815935210392
77.70753518193199 27.15162258258601
12.87954985338412 83.95796384536776
29.511095930118515 70.81444360377965
5.5830633668017775 81.38376734419657
39.64603235693289 31.528305162512225
98.91287084379829 72.54660375380824
44.574062478332586 32.78035162795646
70.21018541518619 12.708358657508922
93.88617281384435 39.199940294761035
80.40258106991074 62.26034963392178
13.572451932166786 24.761612091078877
5.788809360992852 91.79036323198024
19.993145055330064 41.40181605938208
43.21301137889143 86.70783266661391
16.651503179437043 22.217448167354537
76.30745343781325 63.95916080672428
95.50903419455219 82.01822411336309
56.915119378506006 18.305491534554108
10.488028272812855 4.5760932611834555
36.2646350421991 54.957425674701724
40.5862701476081 39.89056274595511
34.22002823091474 36.93579993432836
64.19168422825405 70.55471713253493
45.345439737189366 57.3476769141783
64.96147074313402 20.671669925641567
6.331209173498953 10.549470054826028
12.399931080559877 8.064364248969447
12.50670524027414 3.6706159346413747
57.24382371938185 2.2146686396373405
78.07520506526402 5.65160037295982
26.47531773247389 6.696250272701098
44.76930152499586 13.936719503893325
57.52695358651837 5.302319368608943
18.008033252708877 66.14810555181998
65.03113034229953 14.130898456451868
79.44897102958309 36.96964942554264
32.30891003618868 98.91010452824874
73.41527505881368 64.73789176868091
87.37797315532848 51.923698890798484
12.552529072211517 99.94006660238993
88.57979723862653 56.984711813666635
