10 10 100
7 7 1
22 7 1
37 7 1
52 7 1
67 7 1
82 7 1
97 7 1
112 7 1
127 7 1
142 7 1
7 22 1
22 22 1
37 22 1
52 22 1
67 22 1
82 22 1
97 22 1
112 22 1
127 22 1
142 22 1
7 37 1
22 37 1
37 37 1
52 37 1
67 37 1
82 37 1
97 37 1
112 37 1
127 37 1
142 37 1
7 52 1
22 52 1
37 52 1
52 52 1
67 52 1
82 52 1
97 52 1
112 52 1
127 52 1
142 52 1
7 67 1
22 67 1
37 67 1
52 67 1
67 67 1
82 67 1
97 67 1
112 67 1
127 67 1
142 67 1
7 82 1
22 82 1
37 82 1
52 82 1
67 82 1
82 82 1
97 82 1
112 82 1
127 82 1
142 82 1
7 97 1
22 97 1
37 97 1
52 97 1
67 97 1
82 97 1
97 97 1
112 97 1
127 97 1
142 97 1
7 112 1
22 112 1
37 112 1
52 112 1
67 112 1
82 112 1
97 112 1
112 112 1
127 112 1
142 112 1
7 127 1
22 127 1
37 127 1
52 127 1
67 127 1
82 127 1
97 127 1
112 127 1
127 127 1
142 127 1
7 142 1
22 142 1
37 142 1
52 142 1
67 142 1
82 142 1
97 142 1
112 142 1
127 142 1
142 142 1
14.215250797667167 1.8122595726925206
2.2556021932774617 27.466189793878826
117.48066053741573 18.11936422350219
119.68169194211424 70.37748563997629
33.20282192396579 126.07766296467652
142.30239825315172 133.90966437034294
23.716570769961322 21.26551708297093
63.47306899209052 130.8468973192096
31.405196843542022 127.60622577520812
56.310528787744154 100.36103457029905
14.315323781889756 93.23296539743956
67.99994767568676 28.638948279066383
90.80495798119064 21.229413304635454
25.53985287385863 41.18524537830602
119.71178504905157 104.27863337744282
12.276704882339168 3.1441484007487865
73.85770257915377 70.19940355145353
37.41919390852804 128.87547127403883
0.8587632873521656 102.75889774161548
56.23494280496666 112.82706354446323
13.749872869743147 133.75456659487114
89.23822503857882 3.4491023782218635
51.014864239165405 133.10549366287864
5.71999119414569 88.7970217354543
95.5370077463362 125.81500406404439
20.229950675766204 54.64995869091887
62.03622023841955 107.01302958254156
105.5890513010408 83.95777495645505
84.31188668743465 101.56572669007679
29.99497953061231 31.447367014153098
104.93095500908949 17.69793690843338
57.552244505324275 33.06240657854019
143.71073527303074 64.48448189854759
145.25529213878625 36.26150257053602
72.66137292146368 49.64572482232619
63.4080246670111 56.12760509381716
86.88902245917973 82.38171604460621
116.21238794839513 0.9488861143293614
17.65156622931558 139.58201311892682
59.202971486764675 27.153724087226554
102.96137400025545 56.31131459608938
50.828009772004904 72.93951422530674
142.07713658259254 44.18417596584195
117.98912615439559 57.658071819479
113.3945346013233 38.7273811014415
43.43948387702191 70.11644051387513
52.81274969724761 144.45799072849945
107.04489632730136 9.107476526773167
15.079359352764593 149.9067192376713
20.673723420293694 27.317773647756844
53.4402992226116 54.01804520255948
25.232527749443694 91.76198889695472
50.33080415523823 109.44810083455818
4.280961829451097 42.67806166083705
14.05412164175736 71.53219374100047
104.57892005618042 115.44474842177448
112.61669063250486 134.19937812645605
66.63497131567196 138.588951344466
103.87801151134772 109.82135863188057
58.932756722922356 31.523296481032986
26.54029356465426 3.207550908954099
119.14057834845767 59.58117910006485
24.507739068295407 125.39049508719754
98.5722545303681 13.150163617944944
62.66676404833145 12.41059912273419
62.72141969182124 94.97519602923326
9.443892010064575 34.28921427639234
70.54225903816585 139.9635362563697
141.75561618634265 89.13126884789686
129.1870379450731 22.488252284634342
63.07931023421899 110.6152809119254
40.85356795286957 45.62446700522444
51.054106439360844 143.25298246477024
61.91128795018132 97.74640889472865
74.72427756909278 92.20713829589077
84.82637250992093 8.18134483047936
140.25114483453913 67.87928324444736
126.71705740680392 70.25759282639393
7.0842838420964895 144.74787865335492
141.71610569692072 91.22332796820956
46.185496460789885 132.65168926417638
38.5662263601194 146.52428797181312
44.41977152327092 149.12696252631227
3.8436314286507454 135.16066739521207
142.16821831408208 27.54157691393856
28.06425176566322 133.9516800614977
131.8659236641488 108.14334444283925
55.379005835343534 123.57651719135073
110.57991390083332 21.072891252505155
112.06529992704041 38.669176532863005
52.95985136269445 17.22559049124695
61.94999709230269 108.49787154961597
51.08510163612752 139.37369663327377
55.01027568997592 19.61613191997214
136.9398483989698 49.480833103549344
24.53671682824718 107.73056555643907
98.50592960646534 119.5567023498787
66.09045272926502 92.41578698504163
145.79907727705182 101.22227085017512
118.26620502643267 115.8640735018043
