20 20 500
3 3 1
10 3 1
17 3 1
24 3 1
31 3 1
38 3 1
45 3 1
52 3 1
59 3 1
66 3 1
73 3 1
80 3 1
87 3 1
94 3 1
101 3 1
108 3 1
115 3 1
122 3 1
129 3 1
136 3 1
3 10 1
10 10 1
17 10 1
24 10 1
31 10 1
38 10 1
45 10 1
52 10 1
59 10 1
66 10 1
73 10 1
80 10 1
87 10 1
94 10 1
101 10 1
108 10 1
115 10 1
122 10 1
129 10 1
136 10 1
3 17 1
10 17 1
17 17 1
24 17 1
31 17 1
38 17 1
45 17 1
52 17 1
59 17 1
66 17 1
73 17 1
80 17 1
87 17 1
94 17 1
101 17 1
108 17 1
115 17 1
122 17 1
129 17 1
136 17 1
3 24 1
10 24 1
17 24 1
24 24 1
31 24 1
38 24 1
45 24 1
52 24 1
59 24 1
66 24 1
73 24 1
80 24 1
87 24 1
94 24 1
101 24 1
108 24 1
115 24 1
122 24 1
129 24 1
136 24 1
3 31 1
10 31 1
17 31 1
24 31 1
31 31 1
38 31 1
45 31 1
52 31 1
59 31 1
66 31 1
73 31 1
80 31 1
87 31 1
94 31 1
101 31 1
108 31 1
115 31 1
122 31 1
129 31 1
136 31 1
3 38 1
10 38 1
17 38 1
24 38 1
31 38 1
38 38 1
45 38 1
52 38 1
59 38 1
66 38 1
73 38 1
80 38 1
87 38 1
94 38 1
101 38 1
108 38 1
115 38 1
122 38 1
129 38 1
136 38 1
3 45 1
10 45 1
17 45 1
24 45 1
31 45 1
38 45 1
45 45 1
52 45 1
59 45 1
66 45 1
73 45 1
80 45 1
87 45 1
94 45 1
101 45 1
108 45 1
115 45 1
122 45 1
129 45 1
136 45 1
3 52 1
10 52 1
17 52 1
24 52 1
31 52 1
38 52 1
45 52 1
52 52 1
59 52 1
66 52 1
73 52 1
80 52 1
87 52 1
94 52 1
101 52 1
108 52 1
115 52 1
122 52 1
129 52 1
136 52 1
3 59 1
10 59 1
17 59 1
24 59 1
31 59 1
38 59 1
45 59 1
52 59 1
59 59 1
66 59 1
73 59 1
80 59 1
87 59 1
94 59 1
101 59 1
108 59 1
115 59 1
122 59 1
129 59 1
136 59 1
3 66 1
10 66 1
17 66 1
24 66 1
31 66 1
38 66 1
45 66 1
52 66 1
59 66 1
66 66 1
73 66 1
80 66 1
87 66 1
94 66 1
101 66 1
108 66 1
115 66 1
122 66 1
129 66 1
136 66 1
3 73 1
10 73 1
17 73 1
24 73 1
31 73 1
38 73 1
45 73 1
52 73 1
59 73 1
66 73 1
73 73 1
80 73 1
87 73 1
94 73 1
101 73 1
108 73 1
115 73 1
122 73 1
129 73 1
136 73 1
3 80 1
10 80 1
17 80 1
24 80 1
31 80 1
38 80 1
45 80 1
52 80 1
59 80 1
66 80 1
73 80 1
80 80 1
87 80 1
94 80 1
101 80 1
108 80 1
115 80 1
122 80 1
129 80 1
136 80 1
3 87 1
10 87 1
17 87 1
24 87 1
31 87 1
38 87 1
45 87 1
52 87 1
59 87 1
66 87 1
73 87 1
80 87 1
87 87 1
94 87 1
101 87 1
108 87 1
115 87 1
122 87 1
129 87 1
136 87 1
3 94 1
10 94 1
17 94 1
24 94 1
31 94 1
38 94 1
45 94 1
52 94 1
59 94 1
66 94 1
73 94 1
80 94 1
87 94 1
94 94 1
101 94 1
108 94 1
115 94 1
122 94 1
129 94 1
136 94 1
3 101 1
10 101 1
17 101 1
24 101 1
31 101 1
38 101 1
45 101 1
52 101 1
59 101 1
66 101 1
73 101 1
80 101 1
87 101 1
94 101 1
101 101 1
108 101 1
115 101 1
122 101 1
129 101 1
136 101 1
3 108 1
10 108 1
17 108 1
24 108 1
31 108 1
38 108 1
45 108 1
52 108 1
59 108 1
66 108 1
73 108 1
80 108 1
87 108 1
94 108 1
101 108 1
108 108 1
115 108 1
122 108 1
129 108 1
136 108 1
3 115 1
10 115 1
17 115 1
24 115 1
31 115 1
38 115 1
45 115 1
52 115 1
59 115 1
66 115 1
73 115 1
80 115 1
87 115 1
94 115 1
101 115 1
108 115 1
115 115 1
122 115 1
129 115 1
136 115 1
3 122 1
10 122 1
17 122 1
24 122 1
31 122 1
38 122 1
45 122 1
52 122 1
59 122 1
66 122 1
73 122 1
80 122 1
87 122 1
94 122 1
101 122 1
108 122 1
115 122 1
122 122 1
129 122 1
136 122 1
3 129 1
10 129 1
17 129 1
24 129 1
31 129 1
38 129 1
45 129 1
52 129 1
59 129 1
66 129 1
73 129 1
80 129 1
87 129 1
94 129 1
101 129 1
108 129 1
115 129 1
122 129 1
129 129 1
136 129 1
3 136 1
10 136 1
17 136 1
24 136 1
31 136 1
38 136 1
45 136 1
52 136 1
59 136 1
66 136 1
73 136 1
80 136 1
87 136 1
94 136 1
101 136 1
108 136 1
115 136 1
122 136 1
129 136 1
136 136 1
118.58142780282999 3.7906559579576338
128.48043492100732 104.2362323430082
75.67357409900218 16.639020263894505
56.54331936532444 46.698759227033335
14.308558595580351 121.73768413176751
39.11833835526856 22.0500914700161
95.1349185188426 113.36375275346656
145.4493620956322 102.73894680557589
132.78121716619916 62.9293042062421
77.61603027427793 50.31621790472031
148.32098797537057 114.0351150962098
92.98859987476276 118.77809453432748
102.13506774988744 10.656372508151406
33.7995534673909 106.25328580099324
23.515868809740724 129.2947039702882
103.10513359204393 123.85467684392913
48.361479451154736 0.06962388863898661
139.63697112461597 139.23798424213606
9.960326536795423 8.951894676068035
95.12350898351002 136.01247872114584
58.078286759165664 14.513713873799293
52.2588306992878 75.63191715933877
95.00653377007582 9.929718148484396
91.06311178473236 46.97872668393955
141.03688529854807 25.975840977257935
103.39150793165874 3.791929389607912
6.600283277956731 85.35876204334892
4.918259641289463 77.27346114611169
71.16081362291185 110.06973669676175
21.368767736833753 89.90143019801037
149.75164609446864 112.02062602332005
145.4898633118588 14.08871143904616
95.27916853653173 125.16038408759732
18.73234894822671 1.1817316082083584
76.82694762446843 15.01573252901251
102.80026279782183 122.70335498732025
7.704252739290291 96.23767380116617
36.494684994213756 46.54092877637822
98.52091974189166 3.800313596612259
93.86797583241194 64.6448011485526
68.26033521314083 128.53688593823964
62.68351119388127 63.735436692790685
92.91813153976082 56.81696608421633
26.36602889930345 134.0638876532007
3.0391168840055993 42.92157387490922
69.56437555110148 86.09940324762638
55.50147127216653 126.54088073314135
19.57410249432195 121.43297660669415
73.49125826389796 130.3862612526498
43.52232598124605 93.37708155845826
35.417768995452676 124.55422448888986
22.505810823141182 21.121158107170036
76.2683505789638 122.62832901973742
117.95456386016117 8.380605135582652
68.3108463772858 24.728459341537285
63.74866926005355 12.445386531901697
138.65097657709322 25.95366472177157
21.29494755636017 17.18394275160899
6.0706088318498495 139.22795357975966
47.40597839544311 70.89988928120464
6.905858599121039 106.19866101352164
7.708834573391732 139.69431059900307
112.3968416034911 73.26734031324041
1.1567882564364695 84.30063692174498
131.64437351124366 27.945163616909323
118.5064798932763 38.780419977116274
103.49109961520878 123.65418406309259
128.8136000285693 44.812988605873905
113.10065263409577 136.32994738745393
65.71171972299115 71.83012080117524
99.8269160333234 118.17978746307651
146.12665926751563 24.755106556835145
21.384596972576876 49.10117590071212
67.98887991182586 125.51641533524364
49.9533335881953 62.21049783305957
146.12851141787968 109.06858424163435
121.22853375619637 70.69590694031933
31.398542793763045 115.67892311945157
61.801370284798836 1.332515155165176
79.29815351674286 90.57800813839991
71.79277185098191 147.3074936598823
15.657087183162893 60.172156649787105
142.68836266347165 83.3092852130518
69.34346316768736 13.676943818342712
113.01581195932984 54.260890130388816
36.159267086764146 34.83789343956472
50.244882752630566 44.53246842629872
112.39143675951983 59.74863562559161
122.69688677429652 97.57943850013186
13.219172417945474 15.085717556412225
69.87752309054387 4.2932116978812385
13.62184752099469 135.3195749753779
63.65030357544493 75.73436677578918
39.8491017984791 116.9737782584844
121.11600316947539 1.987811962096686
50.37705246486245 7.952691338432305
127.84467093400599 137.93809942374546
93.30265583991995 147.66492748286154
32.137037209061184 48.693543805497
137.03524510145317 11.428591734937394
80.56100582873582 52.310458770662024
110.93102224245374 140.7642523757159
8.379255521319406 84.65570361794599
88.39725637571213 45.93526048811941
17.260379930607357 32.30678749325205
20.321314610089097 83.24626059806306
74.43808452030635 17.521422058449648
107.43501554172165 56.004188644498726
103.37420249144368 53.364319381809246
44.442385573678834 48.44672617134989
79.32890664056052 14.635554136380453
94.1680351500567 107.96840013843428
24.168729409184525 65.9246472812997
48.25536650690471 111.28401176323659
35.00564168540532 42.75347212909791
94.49172490368284 91.56904111424839
19.565201085991003 94.74962509345313
25.40768057421 135.84159025270492
111.72416047531347 125.46242489770412
104.65424381224646 74.23438402582572
84.5710044219939 146.52523812829875
33.70646875273184 32.690441584559515
36.704649791531395 115.02976647028369
12.935492598779808 14.322195570451967
40.12596902348055 111.92918610779549
31.609500361447402 104.9417306470393
137.5475152578052 75.90737228540776
105.70469789348633 72.81758125034446
6.282694245627024 118.19727117637076
38.1663537002737 112.89965688500534
82.37715979558689 33.49785953452571
101.03123522974047 69.00768982612065
117.01778554475581 103.72489298506416
105.53761682945601 39.046149431482306
97.56964445384465 112.57929011919114
86.22684729839177 2.121421401957968
104.79971407857352 144.77889357395878
102.12830777737923 68.36647154440001
0.14571765735797437 51.77618921077663
33.21556947319655 55.57582471711852
31.687269430539782 112.0350286817538
24.976362778264598 52.711047430489735
23.313210127097623 101.51317789395215
144.32114992675682 143.93072791122404
89.05963440752417 39.62175460015981
19.96387522969632 146.45446411409284
45.06434720013637 144.34561065270626
74.84090692205221 12.830250266215671
73.64316713591904 68.50820896775556
36.50022932632944 37.90127617613104
60.12508589073654 11.317610203940976
28.679496558840494 145.32267318103303
126.69942751863171 145.50974557482985
70.83247343354353 141.58706621460283
50.60857335719723 14.71160269160316
94.0325631913773 74.85401326383692
74.61807247342672 87.06399295225447
57.72116514272732 110.69521496060867
50.684699187025466 133.2439696405583
137.7996536788185 121.24015670052735
74.64681495579251 27.298578186600675
147.15898353269455 61.22144386664372
34.17793857646686 53.589942517351936
21.4563830657207 84.66639608095423
36.08045356515955 77.14878535189003
140.9016244887351 138.7589380340841
106.42038901647811 45.56790364993078
12.69362135735474 25.349929539199746
20.687686667678285 117.19469606202611
135.2001125011148 20.989479018876477
85.9496728934058 55.72541424763229
102.50656655274105 85.66219436268943
20.50885277279324 77.99398875757532
88.28396305844137 142.41946214850395
94.51102171882455 147.61835577576423
101.79182167414963 2.05570029225729
83.8814992426473 40.56799187235644
47.75336459346744 64.78735921110287
130.86008310492184 9.162405163498605
5.915387122490845 17.624509702563675
26.30544380456703 6.834754365997475
63.96158749156704 21.125518634541717
55.6232012077736 75.1135312738185
140.11897739737552 134.26091810722514
1.3399848419126836 52.49404419949386
44.14472548112222 104.36578589067508
40.68454964452906 141.79258324562443
53.45632576431291 42.103168790927995
29.673763761569738 89.37714457254474
145.2367339971378 147.27601978311625
43.147416567063985 47.849616473516505
147.28761094957233 22.763083127622945
147.65535879864248 78.00786238364229
60.15351981266161 44.81031946932662
28.88347762052855 127.82192178821657
18.54115882098293 132.52772976515405
9.54735081679256 30.371592205784438
24.621880958739002 32.94542132819239
45.970620527121355 74.78078296420128
52.27643136647287 58.15530030978272
142.38664735608828 119.28025016709104
82.57601556003766 81.04589228254389
94.83521110731303 13.773422084759563
95.29458908268754 35.21160735922001
80.6117436713094 7.25377826653279
75.11953920891558 141.94613148167704
80.52491055142801 77.05914497590645
0.5160080776486664 62.28232278798615
101.63180251107266 25.842672074160074
111.01643747745149 125.8518521790571
111.72396218266442 145.33805211556844
70.3862694241061 5.24705338518684
29.932886856026148 106.85559905906129
146.0181720278266 102.88737664170584
102.32590741530224 127.89536601200815
121.02630705482314 114.67569196165748
108.27110068389669 15.83784295915055
50.849503926046545 45.427991412610645
62.02503455944935 96.1754429022545
18.714582926951707 37.336031481341095
121.85633721551122 111.52420697598363
11.327776678780022 34.227774529039344
91.01368920155066 129.5852687776991
62.425758737391035 92.52604536856249
69.25876708421232 55.6362240592213
99.33608609602251 86.49313118447883
85.08978559968013 123.72599044583784
98.43602692813646 29.396499634293704
124.43071694429463 102.64105097883454
64.45533850820085 25.212745875479133
57.51728974266065 139.77221692527922
87.4657851403945 0.3767404508337624
66.15988799301772 22.650425885688
23.31113040384406 63.98760703437373
140.11454678378584 126.81239797819613
120.63417125016066 110.54198394932658
56.12828429787484 122.97656362906388
84.92401694229638 129.84515366005783
30.16413965217854 107.02861955573688
25.782640076823647 17.72854486909819
15.780287181216119 12.338907414106382
84.29635887765744 97.34027824266201
139.3357640896 140.0515661452759
41.88482669683778 79.71092594417206
22.66990629702046 7.33487117195446
9.846868734971531 5.461898257335168
29.64259505170952 37.595635714336694
106.24516041381592 67.97192071855345
33.99486589109049 126.02759544140667
24.58470302975168 146.36031996543525
105.39988039051195 75.48635842002868
55.210494138831514 46.66310725190845
16.890722907464294 147.78782380002653
123.24438627893161 19.413069258699974
23.768443410038522 130.91452776172324
127.85928007835919 56.086001073345585
1.3049025261756442 14.632888492888647
83.9703110330949 83.47569729082741
53.15609184157799 134.5416569998251
88.84744948475532 61.68073959180547
55.27753017250841 117.61625487072106
127.3891791124766 119.71180767319215
144.7523353944506 79.00955398948578
82.52785579566161 73.97697839560134
125.76308835030103 75.26598809604754
86.80023295770569 25.823362965312413
130.2078829823606 35.269853393461055
32.56026266844852 135.75384840135723
81.72444696533518 90.74556711763925
119.71170407992139 51.089229356283425
81.02310590811577 116.72175843555394
72.64213886435451 132.17934784169472
75.5440652803529 9.918251618220253
125.31729214050506 14.723134157369893
44.37177298765832 77.52960808983276
31.93650604882195 7.3473012170499565
123.11885181216353 6.047132933145239
76.50784853507321 92.53831733781136
74.33563328904907 34.34851680802108
30.326203908569344 122.6361264339079
20.475791148318283 33.36311205288055
102.74248696420528 55.17995562684978
9.279567227822149 103.4891386277059
6.087093351040723 75.80340655396216
124.62673077571019 101.53787405302074
1.7882704976875052 88.98754941059092
47.943931118952875 46.84375974123741
58.87949730941277 129.5533345171606
138.49206491541264 128.22318683730438
87.81659788358495 90.21646745026051
128.79576952258378 125.49243889511382
41.21756830413762 127.51230305081745
119.1420287538867 56.27958964440229
10.751178941784195 106.13038850259505
126.64033559399319 89.24018709670011
102.31429116695226 139.74229506332654
52.65277170533789 108.0079172859957
18.305380745289913 129.0380693544785
22.455450156157557 122.88125811635182
24.24966053091705 69.64937163419924
89.14659232942742 111.71297339239317
62.21864799655131 0.23148037292287094
17.198217981055848 25.764871056473105
93.81430605146193 115.04446840104103
123.96714774456673 117.33555402787196
16.930606897165205 92.46500261587887
0.22409254045438476 20.867454227922106
78.18568664572952 47.91589747261011
47.753916206560106 26.294306607280244
24.418852967525957 28.46487841190602
56.16693816732919 66.12695561362648
129.68463381849372 20.811924452147096
139.70720865240293 65.52557377499647
11.630912824725225 69.00411538906997
13.573863007026565 139.74266840556868
128.7370457565987 84.79157350980849
27.28669665757045 38.82857500033993
86.4629709028872 65.2667309720128
98.27789799686526 80.91094873543567
35.985004227631926 73.44616542752547
39.981338147816864 102.87477404748931
82.630170712643 133.9418548032948
65.03330791375329 20.82824642921466
127.49174887449325 52.202491839456485
28.08415292326017 76.39238666529253
35.60509081944821 48.74068420766492
88.2952699406722 126.17693800155439
18.309873545501176 110.11813848319542
125.5983612794599 87.62443685182966
121.85047247586053 100.43154033679328
26.5954077867326 89.7419274852033
76.92953050718313 31.188659659236883
46.94889346944011 74.98408566915076
49.37054361934821 32.35948950896855
15.418284486166412 127.68754019311224
10.974434407051914 142.95237363607464
15.363234809352171 145.1260076863719
78.33559650110256 44.49270845049931
33.8229681865875 43.022576570450724
33.471834679862496 84.11964776680375
23.612047749462228 27.87644021495647
52.80757093663798 75.45778763038612
94.72846094224795 93.49833967645235
124.87277310928916 78.71202715506871
53.7729651257185 26.85588639833935
23.562814822481354 106.95103147093839
37.42169183095767 7.252353474406159
113.90782392884546 148.41326022603658
5.973048161538852 86.51613315012253
13.384797442684038 83.27156936390845
38.409139154495236 115.79572498238483
7.045371872257078 40.66931327762081
114.48133481195954 44.29376429472125
120.89165302957448 23.879691954397142
77.10053029084924 46.46261635266913
61.52613959718277 58.194708445457344
63.61083974064256 7.729596112656928
102.91477949399747 141.56144043848545
117.35794420752879 62.94529697795887
36.304494822039935 53.02035231778046
68.56710286399513 40.91628109266857
114.27396269992543 103.58886232182563
43.5157406992535 146.72870007663448
45.62879616540904 105.34673066296826
77.0219950444124 104.84024265500067
37.995720853369505 44.121521457141874
48.530395361840704 148.2222404735609
134.352090010102 107.36336280819233
45.39670302759802 134.304999716673
52.1138676838441 146.12078755820343
38.498600018857424 77.92631006580235
111.94777141569244 91.8311479315803
78.45726645011969 139.29644999083882
52.632427308807735 130.62241323066252
79.00804032953359 137.87127595841233
10.458520840123697 89.53703002180167
59.2099443048673 50.34775074776683
102.46843088221813 128.1240664092777
78.70153870572582 121.35304925895795
76.41530005828207 11.07685836711672
61.8419634647966 141.01247203786016
7.13757070115078 109.28745990417751
131.84031242820575 82.008715893619
111.44064005648849 84.83916136565061
124.79435624984472 11.031851375056329
102.49545687730034 114.85925664966872
127.6059905285117 20.537553145063235
95.01505904224197 29.03874909942821
65.23924049554235 96.9484605066512
148.2571047094858 60.800965873649844
72.28379049078582 149.5638393878827
126.54480260740318 100.14305017398617
65.1340139669384 126.9696799617067
30.7282301471138 88.56214374131291
36.65795777219169 18.968893569673018
41.36372562654178 121.26043979156486
67.87116186702252 57.05601301801867
89.40695177830932 133.5913005591139
74.80319426588915 121.52038690212694
32.036290385330375 123.16985371614363
78.19220199301726 44.61696386577931
18.730059171193563 57.701222438433966
93.76998571551198 42.48973902331198
110.69411208179335 129.09553867747687
101.8765594361102 83.81767940474334
64.12808793772902 24.962496250702078
66.53235054585863 25.344675695543252
9.765308049846672 77.55846593719541
26.129822041564267 144.80251165133564
113.73638070123792 30.9789871105348
21.4889701119204 54.65764907800711
40.685438719297586 79.16941972181603
145.68291342559397 72.65316960419742
100.82147285150141 96.08759267800919
18.863028995706777 62.11949968370904
148.96282503933892 101.69936950396935
140.66672320050355 67.34243037842883
128.56147535450802 126.82865108448354
72.0950323324065 119.80630592261839
62.55248125015748 38.95825923080518
52.83270849837912 7.2903850001307555
15.570149087866836 36.96457296627323
56.97482529562382 91.96646968261436
73.35425069365951 38.143467433943535
90.58002527033769 38.259087019240354
24.629796440718856 104.40217988354615
140.73245921094482 93.3080656450137
104.54726235394827 52.823880866669285
0.9495513396139355 44.098945493762756
145.58605741867234 140.56673953281802
16.247101587554656 12.314681187822751
102.01843485178058 28.19426866628935
44.47176791591326 34.69942044446956
22.754111541985733 6.120211157623812
72.72403527131902 1.299340630992346
11.173953284961257 39.63358591400611
108.56944032278257 88.37349114610525
123.99239840615421 3.4720355324304952
84.77745437317306 25.985670402579636
22.98584599403982 46.07335555491432
18.03929796471126 84.8466083811019
98.04886835554224 116.58980202491963
15.550991450442647 38.73399187149614
55.797306810439665 90.62320444564581
14.2820667720647 85.16542814872993
121.7526122717012 57.40524360933666
75.14841935949313 36.804373378740095
62.291662653819756 4.785304403518498
134.06912914270694 74.38811052637399
77.67026173930203 10.99363622240775
108.66802273338132 24.65659583069572
5.054105096910194 111.84197447123569
9.609491351670036 116.98465407565283
40.90346863942121 140.01456468473887
124.5064057104651 126.45293225412209
42.64060533199163 52.049325638711466
45.8477782999617 10.057203197512237
37.40401017937946 99.5510491504889
133.29070556739035 131.90270625811925
115.60922856974356 86.3179851005056
1.8531433848581191 56.03988480281363
59.15804218271097 83.1529035086221
122.17601700051405 27.966448163134043
138.58556279507033 84.82813622342576
126.44034705650556 106.4381303104444
14.082878550416828 28.498137707454784
24.235852323579078 12.934560588699778
6.7872794061548944 69.00123785015715
121.1542574063796 107.30813522708608
75.82290184571427 82.79576787678108
44.63148040577425 105.10431491451513
49.491643484992096 3.3116605987411676
111.76461371850824 95.8732663585577
41.437205978834 28.904366736069885
117.10878223331986 139.5464726418686
36.683011818888126 98.48520230217648
29.123279924923434 107.34100457630676
91.35934985760144 10.859853467012377
93.98065956286518 64.10634109621014
45.60324788400816 79.19549335243471
133.1143887903419 140.35421288956798
22.65165477388682 115.74685460887488
129.01238608315276 124.43536730239987
139.39795754474983 149.69257746515908
9.707747771626895 35.261966167635315
77.61469150561719 117.2899728094969
77.83372657853215 136.45694014008268
145.98371798666224 10.521333154490625
20.913529183344178 122.50204098510459
52.00173361841138 16.605409330659686
145.79176574089288 121.54175507642593
128.99691580589572 71.69446175728547
141.1507150195331 82.92682920482328
44.11211833434086 33.641376370318845
110.44287993267054 92.76838407025667
51.60609799003023 69.16893758638709
124.2365287010563 45.18665322615078
103.68371323282662 114.88588995639607
13.945736780983504 149.57765939464656
84.99194202417686 41.413177134372795
