5 5 100
5 5 1
5 15 1
5 25 1
5 35 1
5 45 1
5 55 1
5 65 1
5 75 1
5 85 1
5 95 1
5 105 1
5 115 1
5 125 1
5 135 1
5 145 1
15 5 1
15 15 1
15 25 1
15 35 1
15 45 1
15 55 1
15 65 1
15 75 1
15 85 1
15 95 1
15 105 1
15 115 1
15 125 1
15 135 1
15 145 1
25 5 1
25 15 1
25 25 1
25 35 1
25 45 1
25 55 1
25 65 1
25 75 1
25 85 1
25 95 1
25 105 1
25 115 1
25 125 1
25 135 1
25 145 1
35 5 1
35 15 1
35 25 1
35 35 1
35 45 1
35 55 1
35 65 1
35 75 1
35 85 1
35 95 1
35 105 1
35 115 1
35 125 1
35 135 1
35 145 1
45 5 1
45 15 1
45 25 1
45 35 1
45 45 1
45 55 1
45 65 1
45 75 1
45 85 1
45 95 1
45 105 1
45 115 1
45 125 1
45 135 1
45 145 1
43.24954233388609 20.20091049396793
0.9989410836254375 53.52848638728745
1.7410175610131584 4.154008051938152
31.423400578818526 16.353136882502067
9.186611267380352 80.53155901035008
43.815864820259335 36.58869057968502
16.54030447724218 84.51323581706956
6.0377186738088175 140.7563481209359
24.591735002798348 1.5736813229273061
31.852089563754106 111.1864833471941
46.010616232938986 143.4778752839794
33.2415555455612 54.667541010616226
48.51024048629107 117.79731395563645
27.059485262725353 70.576702630154
29.946704487903897 16.23692206407471
39.22309946229559 137.319081740693
21.795615302091992 136.18864801120233
34.93965327347867 136.71149275916034
31.75135269501055 149.86746204641582
32.83345923942784 101.05638743375937
17.441308910923436 90.04704452835722
8.314840551861892 71.3074185948255
13.996063034096684 89.94851662550231
24.102674356109784 106.65663492201685
14.470637065700965 12.510445778703255
42.797034250792514 144.11050131498496
23.638779234309382 133.0752188649737
27.029410830279176 9.346026967835124
0.5147764382138376 114.97403242990988
42.36374031316704 105.3113081890754
18.94552554638687 3.2478477691638585
12.864053721498953 0.11929576209935844
25.678231039406935 56.59731643394675
33.574557804445824 74.04439539235301
20.548345309855833 142.87396996034212
16.409119864187698 101.22870865567863
40.619608308774126 82.31642281334584
7.29059087777496 98.60028051704795
39.949733482067806 95.38021109514682
2.3715780880110504 20.774057164661343
47.201150364747704 49.31913653545482
37.274489031815754 99.26035833561222
20.44261617303699 108.03629318297028
26.600234339561858 128.6573763629104
35.81183221343775 46.00640286762215
38.15393508466903 7.270882687065205
44.52435912687347 110.41462762211826
5.879385828101924 51.12206913938849
6.721934059880974 128.4192800828584
41.95550646900132 140.07324484384523
39.40390950801498 82.75347614547867
34.81119468130217 68.38838875529159
26.007409453151357 89.39132735070676
41.14191870618467 134.45537425581367
23.209452987720976 132.6715689851868
21.532870832273392 139.67667335573427
5.018110721092822 62.432628163520164
19.01377757766608 126.99776994045155
18.487479629648472 29.770536475096698
10.29781353080268 63.57427626719256
45.24320740404264 5.569372604034389
22.924278619123566 128.70806654041888
5.439693833367526 60.919806532468904
29.282418294596564 32.471984228540066
37.66314843541787 106.62309475835092
31.443040191135154 133.360195888965
38.325351054290024 126.42517019208339
32.49378866534459 108.08616107400248
16.006421737336733 58.99434122240607
11.708684203632963 54.1168924803868
15.431426119968666 106.02205653789106
15.18483328646017 148.00577570544613
6.025363107393117 148.8291980656281
7.035033398384027 12.852599726262948
2.497195374796779 86.49163572719819
27.680627530768582 38.43405144999023
18.404840025355167 126.00584291744086
19.9138958949204 111.95836894714253
12.476752834396471 91.41073604578128
0.5650268270672998 81.60924241979632
48.274363480213175 141.2381427648814
43.050085404642694 133.55393405449823
18.771566484869734 1.5364793426127066
48.763136857622904 124.5854826641807
36.757172146843175 11.529741410928606
6.845118752201207 75.7606297312392
8.80861067914177 26.863601540479152
45.9063593372345 102.46043655164681
32.010733047591756 104.09048542578013
8.587372722181048 69.33694417419433
46.28489130040067 22.72432270324853
0.24722593193985398 9.624462889809932
9.82437173289159 121.9783226951837
23.346387688057153 17.08639201615936
16.21237976651248 111.0589719564431
42.44719557936235 106.19877209583467
25.97799090572368 55.221958830865795
39.32581201588864 143.11712341524634
17.61880547478187 27.065324235984793
35.42386644002116 73.53643497644785
