5 5 100
5 5 1
15 5 1
25 5 1
95 5 1
55 15 1
75 15 1
25 25 1
45 25 1
55 25 1
65 25 1
85 25 1
35 35 1
45 35 1
65 35 1
75 35 1
95 35 1
35 55 1
95 55 1
45 85 1
15 95 1
35 95 1
55 95 1
75 95 1
85 95 1
95 95 1
31.94496957212237 14.59829790443643
10.58011182839037 59.94422990307153
67.44331442805999 16.585289128148727
10.479491041957978 67.24349554527367
54.28965102065926 54.64867050470465
21.007338386441575 56.67567650570141
14.636977785049277 97.79419131842889
80.86928460403578 93.02193948832657
68.18710348384339 71.8967425939568
77.49533323435924 84.16476764961361
6.068367049577883 37.71480602810744
5.339684076574014 19.90869131379981
57.80832310664162 36.13538810422538
28.446833307334362 56.041183026651595
27.32731958162401 53.65663496092438
14.248035443499907 95.3201538297116
43.14249610896802 50.62315383244383
25.186708080815013 60.657639957605525
52.31537877328856 20.261728328146344
92.79475823270862 20.200931020396695
30.811139649427933 39.65117924687905
9.067731463638683 9.704883903931204
26.9145406958872 93.67740867393425
80.05256133253167 14.016788920098943
56.05418042486065 48.18109505223154
71.95286329939748 87.72965639178526
56.84451489506428 61.691079338526286
24.62963264258986 37.25101478727535
83.76588510349718 1.6963367839470944
29.475020790584438 61.39056546320549
95.89211889785719 46.17444429159207
63.07439178017328 15.485240103797581
75.15641943025437 31.35085309185034
43.512625869670444 59.49709302933932
75.00289098109346 70.53544614634664
71.18031272905154 76.94144591644519
56.232821280076784 13.42217453537964
8.889365450581888 31.922449808036557
78.65501884501012 92.26582717304305
82.61511957404586 61.19383556866759
0.5895360378520897 32.749010117153176
7.2440768008930405 65.081280704515
58.91005034892801 99.52584963041443
49.94849975304332 41.13119606644394
6.291197941479565 38.48260813980121
22.73384013032258 21.239880596514137
31.46934539953631 86.79410480532849
4.070643452651057 35.27021645048419
65.93922034055795 80.1115150694961
85.44830195835534 5.021419784542336
22.665787607354893 54.65361492206474
0.5889879605336379 97.7852937514239
44.271807116470676 71.17037256171434
23.805243442006983 12.727589735745237
72.5436313050429 86.52901916875079
92.6007915870697 31.902724504091363
79.71473421681178 3.2492454331669585
74.28605936553137 41.92735241493215
48.74391430983525 17.44671950262189
68.16130617426263 41.38979385961101
77.68022987859761 67.117636776243
0.7694043589498323 21.845765464879264
2.998049729733332 38.04839452221776
76.93103532869173 94.76696837051423
26.6450171373133 64.13602739550763
92.02217423153245 76.63801090850035
66.15809250032063 19.029010954505143
39.09723130594306 98.63273930436227
42.70485688519132 71.5634694859058
41.120353652697915 89.5650357094954
30.59538708800288 97.14871751214146
5.256437431606143 28.16767828060125
1.3189302913614531 30.18749742221888
68.19174442629587 17.20653425862776
59.97890756809888 66.1750299257463
61.26357421690605 65.97305053638974
42.2300722885977 32.16483123257292
12.359950445766476 79.30141604703216
50.76012780778613 30.989203628943173
98.76720583470636 82.63990710245449
18.223744921049278 62.676498455278995
32.265427972740234 12.687519167271688
61.05864718715757 18.121571660477954
91.28326198210965 95.62107003485917
84.09367278514625 42.26474812798159
63.29312089619168 23.293338863628488
15.801054649598079 85.58881121249954
21.228878228536484 82.79170388080507
96.405577034903 15.331353902638744
82.08763888585376 49.57672973514694
70.56254702590091 85.98665659899503
72.41761964962802 82.83586949155418
1.7662284234034487 97.95046460408614
97.9596408847111 75.5876889902284
16.25359136555682 39.89234279588001
65.26206662113397 40.52149785930561
22.798081171559247 7.847846967999406
6.911089533491898 91.91864953916622
16.047242612125455 51.251768028577125
9.304810097935345 29.850372388984614
