5 5 30
10 10 1
30 10 1
50 10 1
70 10 1
90 10 1
10 30 1
30 30 1
50 30 1
70 30 1
90 30 1
10 50 1
30 50 1
50 50 1
70 50 1
90 50 1
10 70 1
30 70 1
50 70 1
70 70 1
90 70 1
10 90 1
30 90 1
50 90 1
70 90 1
90 90 1
8.095976994332466 12.521795888609788
48.86950345573165 62.876104065833395
75.33192368116909 99.14019484434931
89.2981964397794 34.367453244466375
61.7154668951047 50.32426931330583
63.594212769682656 17.79928677730338
33.15549629630554 54.61896323683071
89.61478700073174 96.27578885705393
95.59685960434042 61.36863703387242
9.621578393643759 99.64395355269694
61.57457564488298 48.6468208165755
57.62059760409031 46.58443198328164
71.96506006652807 97.2036214856485
58.92331179152836 57.29939947859385
81.56922040224399 17.464723448914143
52.23008783033679 21.326586321893792
24.667776650659622 99.89315661469573
38.780886094591416 54.69651270161309
31.045356890966257 43.278791222148904
78.4923041625931 46.49429125145096
49.115471745563156 79.34537559702451
53.547920059479324 99.83871384052561
58.41025276704781 45.95249215635431
29.976326095450233 64.04404093480964
92.60033783191213 5.447076185649102
74.66748017428961 18.193258732163287
39.644397944483764 7.34789527032611
69.37208112873142 73.76283480802356
38.5766784473467 32.142034669639926
53.71095859190211 40.693364231622006
