5 5 100
5 5 1
5 15 1
5 25 1
5 35 1
5 45 1
5 55 1
5 65 1
5 75 1
5 85 1
5 95 1
5 105 1
5 115 1
5 125 1
5 135 1
5 145 1
15 5 1
15 15 1
15 25 1
15 35 1
15 45 1
15 55 1
15 65 1
15 75 1
15 85 1
15 95 1
15 105 1
15 115 1
15 125 1
15 135 1
15 145 1
25 5 1
25 15 1
25 25 1
25 35 1
25 45 1
25 55 1
25 65 1
25 75 1
25 85 1
25 95 1
25 105 1
25 115 1
25 125 1
25 135 1
25 145 1
35 5 1
35 15 1
35 25 1
35 35 1
35 45 1
35 55 1
35 65 1
35 75 1
35 85 1
35 95 1
35 105 1
35 115 1
35 125 1
35 135 1
35 145 1
45 5 1
45 15 1
45 25 1
45 35 1
45 45 1
45 55 1
45 65 1
45 75 1
45 85 1
45 95 1
45 105 1
45 115 1
45 125 1
45 135 1
45 145 1
19.130578104355177 90.79050859814586
43.80788308522851 52.02093522866924
36.00710937553644 47.56670755198528
7.438607997712271 115.56032483720227
30.10715445103983 78.33829226735104
28.587921787813965 81.02864258606493
29.84619129083325 66.06893904518023
5.184442554981839 61.15402854359246
38.233730442629515 38.28717816655795
24.982897205148134 50.706085855697005
31.865849233444187 122.7676550054407
45.30965330608781 120.45356821161482
37.082944001825425 3.6960622228862094
2.913450017230479 30.994451224872442
21.370424531202808 105.36312394717875
29.168923834792025 103.72213347585657
35.856820374515316 1.9501878301131148
13.164382059139468 4.647948182805505
36.407493368701026 20.318125315035694
40.97164158750959 1.3685879972209825
32.98486170665561 109.46155844283449
5.563187144907694 143.4654962015886
15.233127611794977 30.700967463646993
23.48160742808025 88.1911723129181
17.144067728139078 143.82683313836384
37.42821603446482 46.03690068582452
23.50911606062286 46.75001559743433
31.945389000759196 122.59318021320297
28.561986600649945 85.83740626273207
39.68802429548515 43.90919976735991
35.07072146525964 58.61662997663644
16.80251765723285 56.39143908022322
34.3834395633585 58.987420409833405
14.446019268261995 131.9512999846227
22.468891350880465 122.254486579922
23.501395184419255 89.72778780336192
43.87018521676969 14.42163313343433
4.45510832706999 81.16512496854861
45.35456998910044 0.19558320130852458
10.906295525391647 101.54660501867751
0.5233267848365475 31.37235151083866
9.78965294421507 88.30857440887262
46.03136264856736 98.24464991100211
9.997211367547493 38.78865893468148
32.77958008534744 107.23522408089048
47.27745816220972 112.60637021501006
44.228657312462616 149.47600519881925
17.33268337055739 134.7920129039581
0.16281974073625305 74.83286013250408
13.572070792817476 87.54422602954853
28.055243889252186 50.68403578692518
8.951819163244402 83.97907879467009
33.28085904711125 18.40187520557326
36.36895397641699 15.027247160465468
36.223898837256506 73.43286762125018
9.242431648063098 76.37813061575123
17.220305004758913 50.773710657360915
43.54195915038254 82.55388627537558
5.6763797945837355 78.54086730376977
38.76656668771236 8.672400737332126
22.357649936249977 71.81166266449738
4.901388414079339 134.1921616736745
28.239086466132317 119.90536266445253
36.94572169671317 6.634588878178232
15.389312779131743 7.267233513685767
24.22429710823748 8.259205275223087
32.60237886835455 39.477526884839
38.7690517500349 60.95514459442676
24.19643910098991 25.302544606191336
28.58919794943775 59.22236819352097
6.309728593257391 47.990578970806844
31.852756575510107 130.7829258473417
46.47695361860456 113.22829836444204
46.08282815827193 70.61263667233193
16.10352037972286 138.46973369658366
7.342781604444232 141.27705971503394
45.63901970731549 36.21467538813615
46.24027050088258 142.8162412232357
31.025763724413995 63.53985939402851
46.206822747730556 147.56788117704943
40.32340616343144 38.72136839373349
0.9929320717721346 11.373294749276186
2.914371204678068 43.18200945507481
8.581838519409846 96.05715828554146
19.783865279757507 39.73919227186145
44.79727154081628 81.51859652811298
20.97658759574636 98.84622563731224
17.868333399465264 2.9582391632149427
13.731467701233003 65.25042733700751
41.68028484954901 100.92128554536932
10.147057386084102 61.666269821258645
41.50639323453711 0.9903039830896743
12.319274199741926 82.83525626100143
43.37388127717403 18.28147841144948
3.682094351931525 73.19351171489356
40.578374708199235 2.5080245835159163
37.15472712784589 20.162137822821514
39.33517787201203 108.8386027660953
12.590292980287943 125.1027177541315
33.3397706246418 74.07033320110342
