10 10 100
7 7 1
22 7 1
37 7 1
52 7 1
67 7 1
82 7 1
97 7 1
112 7 1
127 7 1
142 7 1
7 22 1
22 22 1
37 22 1
52 22 1
67 22 1
82 22 1
97 22 1
112 22 1
127 22 1
142 22 1
7 37 1
22 37 1
37 37 1
52 37 1
67 37 1
82 37 1
97 37 1
112 37 1
127 37 1
142 37 1
7 52 1
22 52 1
37 52 1
52 52 1
67 52 1
82 52 1
97 52 1
112 52 1
127 52 1
142 52 1
7 67 1
22 67 1
37 67 1
52 67 1
67 67 1
82 67 1
97 67 1
112 67 1
127 67 1
142 67 1
7 82 1
22 82 1
37 82 1
52 82 1
67 82 1
82 82 1
97 82 1
112 82 1
127 82 1
142 82 1
7 97 1
22 97 1
37 97 1
52 97 1
67 97 1
82 97 1
97 97 1
112 97 1
127 97 1
142 97 1
7 112 1
22 112 1
37 112 1
52 112 1
67 112 1
82 112 1
97 112 1
112 112 1
127 112 1
142 112 1
7 127 1
22 127 1
37 127 1
52 127 1
67 127 1
82 127 1
97 127 1
112 127 1
127 127 1
142 127 1
7 142 1
22 142 1
37 142 1
52 142 1
67 142 1
82 142 1
97 142 1
112 142 1
127 142 1
142 142 1
118.5931520953606 126.3735073206372
9.630165829933224 24.744586939867872
71.00959370577414 18.394033732893128
76.13344030750217 23.023093221394287
124.20852883939934 86.73692294950115
60.5489264586228 132.61529132460512
18.351561198766593 47.60356387089493
68.21817630075519 24.487745201660445
104.65721238108218 116.89218290875964
114.45111968922465 148.10129985110365
127.0919131815142 85.32752134861019
14.832708886985458 71.65288094615802
132.95887590424329 12.36360655358107
15.152247448021383 23.20708514048913
144.89965135573638 117.70732638605323
50.885608364759925 23.753705166822186
55.03553005037642 147.17180976271604
135.573334057448 116.23130082949072
138.99429771069694 103.28767842425174
141.72693059167193 74.1574266560024
31.92682691942201 0.8648968030179449
138.37116503219798 72.66417076136473
146.21765709510973 95.60915972832119
127.81005833716522 41.55295984723188
49.53284749486406 105.59480231875196
134.33702203136176 123.37345038436526
137.37715978644286 73.3168333439659
35.27486199283793 71.51368511365655
82.62262821208421 87.60223856481049
87.95747425493758 13.42730168390321
99.64998060379563 91.72961585223747
85.22776981368351 77.49833134771993
78.93222892040974 87.74320850070451
107.86995090393403 59.19054589464541
90.82742822144623 43.57734154122761
50.65103035340087 127.24804287998364
110.59090591118158 55.145811288956786
30.832790993054605 105.78912876064612
114.01809191181067 47.37580942126942
3.6574992724264455 111.30064239275394
146.76306418868177 51.7073057690641
118.73083037575385 57.51425415497099
87.34052250378177 59.03203644275054
129.75442527676077 49.85425025274884
8.064372097175143 49.248412638435276
103.42385995887122 83.2296223368447
108.93184510834898 24.197878855625206
123.26535106266813 123.7819204655327
117.33471929386342 99.51656386538434
142.09779011390614 119.06169628692423
104.15402031793113 67.43168138665779
42.62680103702395 68.28331116730367
136.67623900397635 76.43935253533594
24.297131362975232 78.56476177935052
62.553000114390855 22.227808803506665
16.646238263306774 6.62991071630773
40.990503247934555 133.8404109926787
80.04445439197224 33.11239412551096
94.38160432576188 73.55268774048214
131.1900617508788 129.70374982425193
37.01484208825071 116.74038092254244
74.28347276458193 77.94574367569001
93.58710649386097 30.360889310134887
88.95926062982178 126.21736203199629
101.24455804153425 120.27168053975083
131.36864727022584 137.6500288646792
32.78167620338145 90.13959383718394
126.70535024256799 68.74996626521376
85.73627051859668 3.129810442924036
131.74405408968786 64.18369549195762
79.86351223564314 56.298627830946295
126.94760463794978 60.47128580350732
25.026143655022825 7.036858404441443
120.74285004394713 76.4610411919138
137.57844471570758 18.104593794826542
109.33107769220108 62.74014983256449
29.028620525127252 145.79405866193932
96.33793967866931 8.048486770837654
69.83508515886209 121.97508867686594
37.21162905737914 116.85428074245368
87.49292123117985 3.538696242110828
136.07011171051727 131.0648474926538
6.26373094607588 144.55776655063588
74.391577342089 7.335869353996982
54.46672351013877 67.70008375874346
1.2292252463590891 138.10787081025666
75.15491045063011 45.73547942198542
93.96874705225683 107.88858757875072
120.51022765628035 74.85427532472677
45.56797201156118 143.75489472526917
126.11657042227199 18.72794979717073
91.909076927797 77.73989298793185
77.67050729207331 79.98472033271605
106.1131369826551 49.57394147472965
140.58644823094622 60.60363122054717
112.23823976035544 17.82570335594016
17.258099628107082 70.02221362837393
75.72124633202729 147.5891188490068
138.73412167325296 55.53436512488665
142.63974251086785 18.626756690977082
