5 5 30
10 10 1
30 10 1
50 10 1
70 10 1
90 10 1
10 30 1
30 30 1
50 30 1
70 30 1
90 30 1
10 50 1
30 50 1
50 50 1
70 50 1
90 50 1
10 70 1
30 70 1
50 70 1
70 70 1
90 70 1
10 90 1
30 90 1
50 90 1
70 90 1
90 90 1
79.16974059380169 86.16417224975258
77.01075204802909 58.20048112610373
79.88819955775621 32.503228081418776
59.43556121861809 27.10311908734876
40.466443418122154 37.93962552230382
49.734063279144095 0.16005960296165966
43.728456441644795 49.72381560285252
90.93180461938391 70.92846370846623
15.092320480611289 39.27189066086662
75.59920111216097 8.347301656832274
86.41213693272113 4.7028169596002645
67.3999380479337 56.52939364620869
95.80279922152094 36.95679863702881
30.894796453686414 17.96950672868699
27.754256980871993 31.710258287355984
57.88647732279626 27.852687408544153
17.978196501088707 86.66927862823624
6.863186561264689 95.59247400220846
25.840176204077892 76.50234453814878
73.45655365331768 95.49629861256692
77.04507315508069 0.8930320725512253
76.013050174599 96.93179711821614
78.81311639771332 51.93361585446012
4.7462493644021775 2.2020839071522857
24.61099020755243 72.19223258673088
15.512671043017756 56.08143257064282
75.14491146991989 56.728710412035795
72.9360254742417 80.06385468723079
72.39194447140743 0.658536680813826
66.14588614905954 57.452649181876794
