10 10 200
5 5 1
15 5 1
25 5 1
35 5 1
45 5 1
55 5 1
65 5 1
75 5 1
85 5 1
95 5 1
5 15 1
15 15 1
25 15 1
35 15 1
45 15 1
55 15 1
65 15 1
75 15 1
85 15 1
95 15 1
5 25 1
15 25 1
25 25 1
35 25 1
45 25 1
55 25 1
65 25 1
75 25 1
85 25 1
95 25 1
5 35 1
15 35 1
25 35 1
35 35 1
45 35 1
55 35 1
65 35 1
75 35 1
85 35 1
95 35 1
5 45 1
15 45 1
25 45 1
35 45 1
45 45 1
55 45 1
65 45 1
75 45 1
85 45 1
95 45 1
5 55 1
15 55 1
25 55 1
35 55 1
45 55 1
55 55 1
65 55 1
75 55 1
85 55 1
95 55 1
5 65 1
15 65 1
25 65 1
35 65 1
45 65 1
55 65 1
65 65 1
75 65 1
85 65 1
95 65 1
5 75 1
15 75 1
25 75 1
35 75 1
45 75 1
55 75 1
65 75 1
75 75 1
85 75 1
95 75 1
5 85 1
15 85 1
25 85 1
35 85 1
45 85 1
55 85 1
65 85 1
75 85 1
85 85 1
95 85 1
5 95 1
15 95 1
25 95 1
35 95 1
45 95 1
55 95 1
65 95 1
75 95 1
85 95 1
95 95 1
23.155566751484912 31.260421677232763
23.001080891750437 9.038500029138962
77.72546567506734 82.02603443676263
71.02883018267543 50.48664058338039
30.31059331401401 82.57748314680623
79.30186140532938 20.56753258666194
40.846007257102656 1.4047111342238017
8.563896183689456 80.30048224238597
44.69885116310521 72.78773901512145
42.405354618046545 40.267731546223054
68.15662687064868 10.729748662348848
95.6967899192459 44.61855480554347
48.31787028623212 94.97685486139699
63.0683525458082 83.33438821822931
90.34044454947755 97.35158495899827
69.87788657050646 81.02230188528127
26.754169405985763 97.86223876214606
91.51178121943803 26.285469310000842
63.555316604176205 38.51921239908813
44.46625644303798 48.33632505689908
48.353159445081616 73.90197635952708
16.211470776964543 51.35436793081642
73.50995338064006 99.34490121929404
34.657980880051234 99.06662464528621
2.8040014921840717 82.03400844426243
22.076158764159825 77.7512691946932
39.28562170912422 61.617153725131935
46.99573149359758 5.157991067190448
38.624148366706144 95.60004751295142
9.399962430159103 19.11583474522779
57.69045868420181 45.00787749002383
40.18235449206304 95.93448957515226
13.751695419807152 29.605565883688644
4.604434500126264 59.23638842871773
98.09053645218181 21.784283707335273
95.45373748939086 17.195754157677502
37.312987723328675 23.500623495589913
43.30032854056572 71.13646577898768
9.730282066775885 65.02763817651412
26.506851535559804 30.764888774407495
77.49361519316396 58.974461167082495
28.722378879075695 14.822919102010646
15.195298882610853 78.14723849978998
32.71702195871589 84.22663722352102
85.66240294762613 48.21608204511356
84.21705526092866 48.249107288995496
39.885813025861964 16.537615493735025
82.84763199701511 79.62794437267438
27.34111570632731 48.85497690606112
3.741978615677488 44.978462506857674
58.06689426917077 27.201896360587696
35.593202606120855 37.30946026159576
10.312414646562962 47.23605360916152
81.25965679475465 37.720516668819734
34.84849969272449 29.428795059149515
69.46571312986745 71.80478397170552
14.820877346521023 51.415067393782266
72.85706756277675 78.51570943277694
20.273072887385634 10.38237769036352
41.74760452653574 12.503523538552708
94.25523171687732 2.3254543749970935
69.25614660214117 2.1613843528370813
3.676287647455878 86.77913192884719
3.2274923069023465 75.0001381804423
66.35185429511607 42.68853191746741
69.33441084736634 83.30088864145166
66.39353123194965 50.97397771702305
22.292500362498068 1.8364593369944449
47.43680424744409 51.21996082950113
26.528381106636367 24.495436969758188
64.86298825890525 99.85553703304494
75.31034036305458 8.542321363604055
47.36279292240585 22.288979625106307
16.397349124100835 95.46679951076695
97.72497282801919 4.334442193504517
30.13908530253214 10.262966423853047
80.38512396135292 71.23255663300847
81.34940372156146 67.39489297985193
94.7346013118118 60.82262171655134
89.14524882384363 70.70111182684822
8.757297927778973 66.12760846369153
62.32311896837639 97.72202998365684
92.38856431915946 75.14509271798455
3.16299399297032 36.93732843503484
92.60118232213958 99.76462101973131
99.51805276473051 57.981756515429204
57.07156314248504 45.87424923063163
65.0243047719034 10.178769212027404
19.084419272213758 29.46421759116825
92.37515373871845 27.908915819935697
34.84223898134672 64.4567107528977
20.010495321917933 73.2760746910483
8.391629772881847 19.275671798866988
15.968790399773047 76.1553881503163
69.02171135837898 82.18156393771106
21.870584918461056 61.02943211199479
25.875383894004067 20.921801496808623
4.156480671275609 46.714984676041105
66.45901593628058 48.9407087574006
57.9189461448922 54.01536800993879
79.05428520188667 2.527103971971756
85.65362328067154 69.49082156200546
50.44904939933479 11.09268017592967
37.69554624354963 31.132506151355553
9.539039063720233 81.15845608784501
26.078892236845707 14.700060980010733
63.42327901256173 75.5758351689777
96.96624139708814 68.49263120371725
88.52081144413278 41.95286947082807
51.744020182851955 33.54414526981354
98.88065865024704 76.02341006413987
61.992399916508504 79.18539635621832
68.09004516659162 7.104248338767604
22.533035644927267 70.83552386732883
15.677245873160484 86.19646931352545
68.73675572802928 82.56978456261942
32.240986300769826 0.046415925759324406
93.09131408307731 92.82532282809072
6.640217691196948 5.9679297840453565
63.41567265567335 90.67498581409723
38.71885783944378 9.67580924919953
34.83922046619187 50.42127810622584
63.337689180050546 6.6198120989895965
60.708741189821566 31.319151122626366
94.02459019903205 17.31722731817196
68.92767195443916 2.5279529264052747
4.400188851971154 56.905841362232614
3.278839760859642 51.515640764074455
47.440542415274564 73.37982446450783
14.24584515788917 59.93428679867358
99.83443072964575 74.68041734888004
96.99324220790587 9.39247429269744
63.51944569102115 83.4402560583982
12.488232632151142 0.7878210721389056
51.21796508297896 10.010488352675006
68.53350853188121 81.8022366582135
5.136168492860193 64.15844920077744
24.3297899961425 31.02728585091882
65.6806131612611 2.533542397741506
62.5786505549413 43.09653409903507
45.506890142093894 85.69125729215976
41.78900746258751 42.490291128527126
61.94542102650722 37.87797738947756
17.577352599535633 89.3759251021338
2.0260779226703995 28.614382583272814
46.376250367400985 57.399602165084254
37.00098084811102 84.36058715542757
13.0494016628813 80.95531773779611
48.99417217593197 86.92417416843321
29.014883987497363 62.25138770563884
23.61184599696845 83.0361496592599
15.00387388209412 14.08077207144669
50.84556705264254 81.75221934649161
78.63637590677412 5.587070090388435
45.54056425152386 16.485639561024858
42.4991128400357 8.296924354601131
92.4339843847288 17.30244314784771
14.196631704240115 11.455961834405992
4.047072554566567 92.81863571983978
31.60398559696207 47.26659285413643
4.60390573274736 70.79910734234777
5.139223048927821 93.12954039933537
74.93122773566073 48.84489354216027
0.7711921709576464 56.200424614496654
87.76291567416244 18.63010907793955
79.00431992885088 25.853613318077517
68.99406641013918 82.43612270872839
85.87573335237954 29.87532573724927
75.40043508939718 90.88663159163595
43.80781314866077 47.886747200783496
66.55127735554893 78.78652497538434
97.41777284501042 16.50340437122343
14.256397981717917 32.734117267141414
45.32591994121724 83.67761022349576
33.3022223921302 41.47366522203971
97.41900761191978 72.71238949442291
80.81902250413091 47.13060462687956
20.932361862508696 77.11928207963437
41.200913523199226 0.888343436776784
52.86543567782858 60.38533875893327
47.86184790065461 98.20499577325488
10.438058122108595 40.11477109985807
95.12557510898111 55.53952347536786
46.22897544512491 9.11796254556181
75.34387463955322 36.173926753592546
24.106178057842765 23.225262293043148
33.49658850175371 29.68831228419915
74.92762450634656 39.832423750394405
81.79792451619767 65.05295900008791
8.812781611963649 10.057145037608151
46.58501539369592 2.8621411319208256
9.081231680663127 90.21304998358526
42.43353571696329 50.489577850526125
26.56606786565273 77.9825188389896
80.7440021129836 1.325207974731124
33.58470164324163 5.301794225621537
85.22978062267066 91.95873294916365
62.20177055994663 98.44328498857435
21.424691472707458 32.462362536998
91.35683006763544 7.619061156624928
