10 10 300
7 7 1
22 7 1
37 7 1
52 7 1
67 7 1
82 7 1
97 7 1
112 7 1
127 7 1
142 7 1
7 22 1
22 22 1
37 22 1
52 22 1
67 22 1
82 22 1
97 22 1
112 22 1
127 22 1
142 22 1
7 37 1
22 37 1
37 37 1
52 37 1
67 37 1
82 37 1
97 37 1
112 37 1
127 37 1
142 37 1
7 52 1
22 52 1
37 52 1
52 52 1
67 52 1
82 52 1
97 52 1
112 52 1
127 52 1
142 52 1
7 67 1
22 67 1
37 67 1
52 67 1
67 67 1
82 67 1
97 67 1
112 67 1
127 67 1
142 67 1
7 82 1
22 82 1
37 82 1
52 82 1
67 82 1
82 82 1
97 82 1
112 82 1
127 82 1
142 82 1
7 97 1
22 97 1
37 97 1
52 97 1
67 97 1
82 97 1
97 97 1
112 97 1
127 97 1
142 97 1
7 112 1
22 112 1
37 112 1
52 112 1
67 112 1
82 112 1
97 112 1
112 112 1
127 112 1
142 112 1
7 127 1
22 127 1
37 127 1
52 127 1
67 127 1
82 127 1
97 127 1
112 127 1
127 127 1
142 127 1
7 142 1
22 142 1
37 142 1
52 142 1
67 142 1
82 142 1
97 142 1
112 142 1
127 142 1
142 142 1
59.29813685276892 64.96941524083249
107.32459036375371 1.8073353415089255
104.61315755713599 28.51372947257294
104.28348468049256 115.29508362970573
7.501976245189118 134.16666647360503
129.3313226002428 9.513360422902679
93.36879415604547 148.77995172156102
145.76773002596858 48.49852654326037
31.390009496511368 13.625948977871866
147.52391861060192 137.27159973804316
27.614730146058662 85.17115999723885
62.883632137478386 138.90197981855047
34.2420689030153 143.46984565232228
26.732944542221006 27.315259025631583
19.862643269805346 101.58057030259366
6.719107759693754 59.671592073048735
41.690475753247334 83.56750667156837
38.79275500354271 105.21901308611177
105.17651324042056 19.931959876043194
77.8086839477852 126.7831521246652
56.34652721419624 90.18271341029076
77.71972880619184 0.9091423869842963
45.74167805068336 24.40991369467301
115.53515638055252 69.32004625231471
111.18562410500148 115.37176356987915
56.15614629079508 38.5939486542961
81.42211838940712 78.08482658709306
126.0926621637463 138.93054064831506
124.90951498765969 32.48832427481507
29.811297175950934 65.58605678636262
41.016262187619404 139.88970673629294
73.10265032590355 0.33138331544760313
39.27681916411503 36.52441879382409
49.23057858360968 85.47450098219022
23.909777370882505 135.5454359720674
134.6784123131273 14.081563707743289
92.05519635545032 18.896930578939298
73.58847082452009 23.70434531776843
38.655649792087424 144.10393391255
66.32009643166563 52.37219549503335
25.826469255522266 66.38989476793266
91.73905408141029 105.76909720776018
113.22412758993892 77.14931441234756
1.4898772647456426 39.28335338099141
22.65634461919972 134.044882087361
18.225226552525083 10.076693259482216
36.992832187839376 93.46850556306292
14.968628378159593 76.26549668347947
81.10043803381936 26.94084772722796
101.4695621623605 134.50587873212598
123.89063496794698 62.20772086507359
138.12902128590162 100.11608757644339
116.34216035643159 49.078448783395025
56.314208877310186 140.79874120726728
97.16743357463604 42.855017495705425
32.776794109999315 81.12651111364093
2.0338144469540076 29.691232762603526
62.25108031860525 53.53121884257287
22.10777893244765 57.05678972774039
47.19530214586291 34.4750543215545
67.4996294544596 130.3785972760069
60.04082741334973 117.82769057215538
19.18830022325473 137.45735041357094
83.67753664343145 55.109199563893526
45.61754027531397 60.306597755871344
35.25074178666247 14.492737176809028
0.011993959702932822 105.18823253397316
122.74753290643028 42.79084434749537
0.5624637419194001 124.12127062032657
148.97044436104355 80.85674129828578
38.08301735209817 115.1117686671902
52.423900167591256 39.323087247598934
85.60659277526106 121.55602842486317
47.015735141542095 40.217435675897676
66.95673100783993 79.20632750417363
144.54129892150027 51.90501710498756
71.28253824831773 131.83162507452667
130.89349594558672 20.086505743757648
82.17334002276709 43.19257439742904
5.600926782696419 10.507728205768057
93.09158165449976 5.8714187127272
9.558552483858811 93.785860371122
40.416431492619786 67.2897917765107
88.2027935562846 58.27407307143302
1.9684866216664487 118.27265466701014
9.544901319842253 87.72099660051451
66.54597662804316 108.47058532775435
49.06944943285425 106.271176210632
74.12735494208665 51.983665994850156
40.476805154870604 50.70211449953328
2.7091271544430695 87.35357780832202
122.75819441927634 67.9554070814753
113.00537159715898 145.93962817966542
19.05740970031279 139.11922478132468
105.95309275763574 33.63611663372003
143.03975493499848 93.83240224793518
133.2483727345872 29.383766088337516
55.57106050601423 107.51057011743079
12.723944590912057 58.053196382931986
118.12927066066453 135.98284246503277
14.215250797667167 1.8122595726925206
2.2556021932774617 27.466189793878826
117.48066053741573 18.11936422350219
119.68169194211424 70.37748563997629
33.20282192396579 126.07766296467652
142.30239825315172 133.90966437034294
23.716570769961322 21.26551708297093
63.47306899209052 130.8468973192096
31.405196843542022 127.60622577520812
56.310528787744154 100.36103457029905
14.315323781889756 93.23296539743956
67.99994767568676 28.638948279066383
90.80495798119064 21.229413304635454
25.53985287385863 41.18524537830602
119.71178504905157 104.27863337744282
12.276704882339168 3.1441484007487865
73.85770257915377 70.19940355145353
37.41919390852804 128.87547127403883
0.8587632873521656 102.75889774161548
56.23494280496666 112.82706354446323
13.749872869743147 133.75456659487114
89.23822503857882 3.4491023782218635
51.014864239165405 133.10549366287864
5.71999119414569 88.7970217354543
95.5370077463362 125.81500406404439
20.229950675766204 54.64995869091887
62.03622023841955 107.01302958254156
105.5890513010408 83.95777495645505
84.31188668743465 101.56572669007679
29.99497953061231 31.447367014153098
104.93095500908949 17.69793690843338
57.552244505324275 33.06240657854019
143.71073527303074 64.48448189854759
145.25529213878625 36.26150257053602
72.66137292146368 49.64572482232619
63.4080246670111 56.12760509381716
86.88902245917973 82.38171604460621
116.21238794839513 0.9488861143293614
17.65156622931558 139.58201311892682
59.202971486764675 27.153724087226554
102.96137400025545 56.31131459608938
50.828009772004904 72.93951422530674
142.07713658259254 44.18417596584195
117.98912615439559 57.658071819479
113.3945346013233 38.7273811014415
43.43948387702191 70.11644051387513
52.81274969724761 144.45799072849945
107.04489632730136 9.107476526773167
15.079359352764593 149.9067192376713
20.673723420293694 27.317773647756844
53.4402992226116 54.01804520255948
25.232527749443694 91.76198889695472
50.33080415523823 109.44810083455818
4.280961829451097 42.67806166083705
14.05412164175736 71.53219374100047
104.57892005618042 115.44474842177448
112.61669063250486 134.19937812645605
66.63497131567196 138.588951344466
103.87801151134772 109.82135863188057
58.932756722922356 31.523296481032986
26.54029356465426 3.207550908954099
119.14057834845767 59.58117910006485
24.507739068295407 125.39049508719754
98.5722545303681 13.150163617944944
62.66676404833145 12.41059912273419
62.72141969182124 94.97519602923326
9.443892010064575 34.28921427639234
70.54225903816585 139.9635362563697
141.75561618634265 89.13126884789686
129.1870379450731 22.488252284634342
63.07931023421899 110.6152809119254
40.85356795286957 45.62446700522444
51.054106439360844 143.25298246477024
61.91128795018132 97.74640889472865
74.72427756909278 92.20713829589077
84.82637250992093 8.18134483047936
140.25114483453913 67.87928324444736
126.71705740680392 70.25759282639393
7.0842838420964895 144.74787865335492
141.71610569692072 91.22332796820956
46.185496460789885 132.65168926417638
38.5662263601194 146.52428797181312
44.41977152327092 149.12696252631227
3.8436314286507454 135.16066739521207
142.16821831408208 27.54157691393856
28.06425176566322 133.9516800614977
131.8659236641488 108.14334444283925
55.379005835343534 123.57651719135073
110.57991390083332 21.072891252505155
112.06529992704041 38.669176532863005
52.95985136269445 17.22559049124695
61.94999709230269 108.49787154961597
51.08510163612752 139.37369663327377
55.01027568997592 19.61613191997214
136.9398483989698 49.480833103549344
24.53671682824718 107.73056555643907
98.50592960646534 119.5567023498787
66.09045272926502 92.41578698504163
145.79907727705182 101.22227085017512
118.26620502643267 115.8640735018043
143.74716102619007 52.67000966188229
10.901806852013806 57.96486592678674
117.8996515137345 3.2768549497439126
105.80370021163951 128.357602634102
65.40193861096587 135.65381048419147
16.250718932210575 139.37755416927232
3.707296954439859 74.49985091437541
19.07124205877731 63.96347157865419
56.03368459498693 137.54811891238427
47.835723608506974 96.42090542132023
70.83355066335213 115.77274291022786
70.65022859353311 34.281576543748855
46.11321558664452 123.28992941938594
79.30365840304954 18.524339980570666
91.2981302805461 52.92938685629374
81.76020333558874 44.452406772794276
115.02395409027339 116.1618421992949
25.775006139501834 35.77061820883703
21.055534950038897 94.9183894241011
63.38194039210548 95.49648433546089
110.49371375026145 65.11585209706027
32.50161758349778 109.28006693309277
148.36295161057538 144.87422565751731
2.3794646710374625 55.9926043694182
68.98916984651083 16.11773346294743
78.23220383951168 107.77071559899113
90.63037585903362 119.77832525514157
88.52077490962765 66.688443614596
46.43642047933405 72.20129625133495
131.07686858118996 127.05980648094358
149.4753285912498 139.94626078811677
21.894485800606688 46.37900248009566
138.18402922831496 72.94101750807172
6.612682382270075 134.7896963228679
148.46906347137096 97.16128858775816
101.77261898530203 89.88262609237647
38.05990501147691 67.79521481498682
47.0805318854039 68.88482684833718
59.54697978263425 122.14095773171016
149.28121690529636 27.40896585956989
120.50793522815222 54.366418463042585
120.3825530064479 21.85674214443732
143.58179367130253 101.6611708969465
67.88881774188378 42.010263637177545
31.612609396989583 109.51380305380984
54.02936147613566 73.46982406149523
120.92902935122282 21.59495016803783
146.30647151849865 94.50945028455648
102.05675240229468 57.420861678093566
109.11991967997236 21.385443432879807
112.42538937676521 120.58466244607241
10.6312856797607 70.10030946001754
137.2420523881701 68.59955493339359
20.940601748871558 71.94972150043294
9.045651661746485 17.61698424322857
47.51228552538951 134.55099126419952
35.990115210715665 57.886645098930735
68.30627102933151 5.358360500930487
48.30954262217786 28.102223902815588
116.56130277289797 40.727433873879015
19.31932478007618 125.93694576805163
44.26664389517777 106.22166540566948
8.374595050202666 122.07565101629486
59.46904853539934 47.29245774376834
148.36930626569745 108.81990563071236
66.86109371749887 49.170527441934695
105.31527812277928 19.062537986263383
140.82925922076652 58.79991044214156
120.60387160486611 93.39052445088267
20.35867789825018 37.14241813661832
8.683214041489279 137.68554484797033
29.989717582995095 62.10272408907312
64.81951706833715 130.06174899992087
24.977254769155564 33.32617225103181
114.46118015671988 95.93874121008642
143.2635512918283 123.02733617004463
85.37267906775901 27.45823730183116
15.732042409219282 6.864139891775184
54.39695256329865 82.43613851205258
60.87940522141214 59.835844118932656
51.33004234637212 55.403699901492544
96.28752634238108 105.83207569880241
68.01815960578405 86.02151537126745
97.44220611470104 31.00750488846235
9.496813760248429 15.82420508223904
18.599896620839818 12.09654637345417
18.760057860411212 5.505923901962062
85.86573557907278 3.322002959456011
117.11280759789602 8.47740055943973
39.71297659871084 10.044375409051648
67.1539522874938 20.905079255839986
86.29043037977756 7.953479052913415
27.012049879063316 99.22215832772997
97.54669551344931 21.196347684677804
119.17345654437464 55.454474138313955
48.46336505428302 148.3651567923731
110.12291258822052 97.10683765302137
131.0669597329927 77.88554833619773
18.828793608317273 149.9100999035849
132.86969585793977 85.47706772049995
