10 10 100
7 7 1
22 7 1
37 7 1
52 7 1
67 7 1
82 7 1
97 7 1
112 7 1
127 7 1
142 7 1
7 22 1
22 22 1
37 22 1
52 22 1
67 22 1
82 22 1
97 22 1
112 22 1
127 22 1
142 22 1
7 37 1
22 37 1
37 37 1
52 37 1
67 37 1
82 37 1
97 37 1
112 37 1
127 37 1
142 37 1
7 52 1
22 52 1
37 52 1
52 52 1
67 52 1
82 52 1
97 52 1
112 52 1
127 52 1
142 52 1
7 67 1
22 67 1
37 67 1
52 67 1
67 67 1
82 67 1
97 67 1
112 67 1
127 67 1
142 67 1
7 82 1
22 82 1
37 82 1
52 82 1
67 82 1
82 82 1
97 82 1
112 82 1
127 82 1
142 82 1
7 97 1
22 97 1
37 97 1
52 97 1
67 97 1
82 97 1
97 97 1
112 97 1
127 97 1
142 97 1
7 112 1
22 112 1
37 112 1
52 112 1
67 112 1
82 112 1
97 112 1
112 112 1
127 112 1
142 112 1
7 127 1
22 127 1
37 127 1
52 127 1
67 127 1
82 127 1
97 127 1
112 127 1
127 127 1
142 127 1
7 142 1
22 142 1
37 142 1
52 142 1
67 142 1
82 142 1
97 142 1
112 142 1
127 142 1
142 142 1
143.74716102619007 52.67000966188229
10.901806852013806 57.96486592678674
117.8996515137345 3.2768549497439126
105.80370021163951 128.357602634102
65.40193861096587 135.65381048419147
16.250718932210575 139.37755416927232
3.707296954439859 74.49985091437541
19.07124205877731 63.96347157865419
56.03368459498693 137.54811891238427
47.835723608506974 96.42090542132023
70.83355066335213 115.77274291022786
70.65022859353311 34.281576543748855
46.11321558664452 123.28992941938594
79.30365840304954 18.524339980570666
91.2981302805461 52.92938685629374
81.76020333558874 44.452406772794276
115.02395409027339 116.1618421992949
25.775006139501834 35.77061820883703
21.055534950038897 94.9183894241011
63.38194039210548 95.49648433546089
110.49371375026145 65.11585209706027
32.50161758349778 109.28006693309277
148.36295161057538 144.87422565751731
2.3794646710374625 55.9926043694182
68.98916984651083 16.11773346294743
78.23220383951168 107.77071559899113
90.63037585903362 119.77832525514157
88.52077490962765 66.688443614596
46.43642047933405 72.20129625133495
131.07686858118996 127.05980648094358
149.4753285912498 139.94626078811677
21.894485800606688 46.37900248009566
138.18402922831496 72.94101750807172
6.612682382270075 134.7896963228679
148.46906347137096 97.16128858775816
101.77261898530203 89.88262609237647
38.05990501147691 67.79521481498682
47.0805318854039 68.88482684833718
59.54697978263425 122.14095773171016
149.28121690529636 27.40896585956989
120.50793522815222 54.366418463042585
120.3825530064479 21.85674214443732
143.58179367130253 101.6611708969465
67.88881774188378 42.010263637177545
31.612609396989583 109.51380305380984
54.02936147613566 73.46982406149523
120.92902935122282 21.59495016803783
146.30647151849865 94.50945028455648
102.05675240229468 57.420861678093566
109.11991967997236 21.385443432879807
112.42538937676521 120.58466244607241
10.6312856797607 70.10030946001754
137.2420523881701 68.59955493339359
20.940601748871558 71.94972150043294
9.045651661746485 17.61698424322857
47.51228552538951 134.55099126419952
35.990115210715665 57.886645098930735
68.30627102933151 5.358360500930487
48.30954262217786 28.102223902815588
116.56130277289797 40.727433873879015
19.31932478007618 125.93694576805163
44.26664389517777 106.22166540566948
8.374595050202666 122.07565101629486
59.46904853539934 47.29245774376834
148.36930626569745 108.81990563071236
66.86109371749887 49.170527441934695
105.31527812277928 19.062537986263383
140.82925922076652 58.79991044214156
120.60387160486611 93.39052445088267
20.35867789825018 37.14241813661832
8.683214041489279 137.68554484797033
29.989717582995095 62.10272408907312
64.81951706833715 130.06174899992087
24.977254769155564 33.32617225103181
114.46118015671988 95.93874121008642
143.2635512918283 123.02733617004463
85.37267906775901 27.45823730183116
15.732042409219282 6.864139891775184
54.39695256329865 82.43613851205258
60.87940522141214 59.835844118932656
51.33004234637212 55.403699901492544
96.28752634238108 105.83207569880241
68.01815960578405 86.02151537126745
97.44220611470104 31.00750488846235
9.496813760248429 15.82420508223904
18.599896620839818 12.09654637345417
18.760057860411212 5.505923901962062
85.86573557907278 3.322002959456011
117.11280759789602 8.47740055943973
39.71297659871084 10.044375409051648
67.1539522874938 20.905079255839986
86.29043037977756 7.953479052913415
27.012049879063316 99.22215832772997
97.54669551344931 21.196347684677804
119.17345654437464 55.454474138313955
48.46336505428302 148.3651567923731
110.12291258822052 97.10683765302137
131.0669597329927 77.88554833619773
18.828793608317273 149.9100999035849
132.86969585793977 85.47706772049995
