5 5 100
5 5 1
15 5 1
25 5 1
35 5 1
45 5 1
55 5 1
65 5 1
85 5 1
5 15 1
15 15 1
15 65 1
85 15 1
85 45 1
95 15 1
5 85 1
15 85 1
35 85 1
65 85 1
75 85 1
95 85 1
5 95 1
15 95 1
45 95 1
75 95 1
85 95 1
81.86919058968796 99.54940767333349
74.75752046153723 56.97276101715446
73.69543890654158 69.23670017027196
28.589055883794245 86.80550493318339
1.5994032645854417 76.39736119824373
10.340351333233322 51.52542768623653
69.8684450044484 57.34521836991212
22.144830804475934 78.4006938508968
38.3871561391165 13.420683823023083
65.26736436537882 7.0351716258429065
49.826331036852544 36.8227488932389
93.94501563599796 67.54354788280136
92.01055175681857 48.12999572077249
64.91949619346978 34.676076422226
81.42915312400616 18.644986558840017
26.017553602814324 76.9642035893473
89.88026248183073 45.5745843022182
66.11969519893005 77.38322217036105
47.14679659971461 39.67134215946979
17.14177180813389 80.52068093927218
67.31499926219558 26.508943722564116
47.719313351192206 45.88519145200492
17.83283145897815 15.753073810618067
24.80999867881254 62.06808213332031
79.64026452080032 52.09892732939976
83.82769420782512 92.61159976102734
51.331796269411 77.75211971605451
98.579566993969 2.816330839009562
83.24576493243573 81.42820926946264
37.44960928146348 79.41785875499417
44.26894223599898 71.12529409990151
0.7527467770351959 12.249189213933997
45.44883639376693 71.94007482099705
40.0040812246636 47.06410615657157
85.38487749222881 24.596653350740993
37.93757871632234 98.3278497547071
9.80033771557871 98.57168793330513
75.44897091937169 24.46146764841145
29.172560015886816 90.54730365175095
52.53391102962603 4.678533234142456
99.892429194803 69.22240638941084
40.249578312958455 58.63793935090009
70.42802681499958 46.18381327591208
78.02942479249494 90.35735818484619
67.0814448013301 7.237476552034416
24.505642535250594 70.15194418498882
74.28216948944919 53.991356477028205
50.18294670788108 67.25889720020236
29.421809213218907 37.212330154313854
27.66798162784928 74.42354075792545
14.309270998004365 58.613015511067914
30.099793697968558 49.685069141352876
62.02378454916884 56.27504235961077
32.6287055675199 52.00165350107564
7.839017834789363 26.749669308719703
36.450958502969165 92.67446392284455
4.567257482015452 95.18241904231999
6.518400893279752 28.41962007057012
98.69555703598878 58.77589892921657
85.97860115338906 69.52639514004318
92.20021307690313 89.09084836820207
89.57325846104929 82.86982412942056
61.38177696413529 91.28256740141217
95.4030907399279 37.175822704772585
87.67366586373613 14.130979457039473
11.32496235824263 91.05059902106359
23.763815410542033 14.418266844675621
6.523055874392625 27.381405344915898
10.096928976758834 66.753913988754
86.0681273411118 20.794797753935633
67.38303613234528 82.25723601511388
91.3066151270251 20.230275992211887
47.76122989629631 90.25810290765097
52.951945415619306 65.93515779934536
53.78738879150987 64.76007502415838
12.831637696043686 33.10559551501938
95.33120661930936 99.21706676544343
55.85657257570781 30.050695416682093
9.592727417682124 43.257338068441975
47.10478715325347 9.864308137182142
46.93493357197601 63.20915864323789
34.42204871645964 60.04264038451029
74.20935638808501 35.03885645711492
5.224848620217159 3.1920663836289664
95.52117895280891 0.21383085455890516
33.21299514204013 47.31948038374911
62.97486814082684 86.56956683846322
47.297466608577544 60.006301090367145
17.1268462470055 11.25264335954248
96.45932199239796 94.23895980589374
89.35013482773275 23.28520023814914
35.68520914239198 34.16888651812339
81.54874663286768 49.857884981515575
26.8034300550134 40.951231603362295
92.24319654870482 67.40055046212608
23.197993957554665 49.576404877752076
14.937698176258019 93.2602368681849
20.781585938753334 72.33588161558836
53.26647144276359 5.187944020156898
82.05971865905082 59.78761242298493
