5 5 100
5 25 1
45 25 1
65 25 1
5 35 1
45 35 1
65 35 1
95 35 1
35 45 1
45 45 1
55 45 1
65 45 1
5 55 1
15 55 1
55 55 1
65 55 1
75 55 1
15 65 1
55 65 1
65 65 1
75 65 1
95 65 1
25 85 1
35 85 1
45 85 1
85 85 1
11.584813972639552 28.72047332160903
88.50886337804307 75.16798846018189
5.868848552439065 53.37209582200505
37.812930540710354 11.698687729214752
64.76697865108125 50.56081802165963
98.11299551340534 16.811866580617973
94.04931155896452 8.382622572951625
68.57311051462264 80.49791556214312
42.893083917370355 99.24882952659657
48.86390962812628 57.71895053952905
56.21630942442353 28.36730029104816
89.36479260500751 75.04313106545348
30.271117167508798 44.80607077313679
17.88683251781635 51.52993884357995
80.21965738728784 92.10075567797911
91.75416492805238 19.438767605267383
16.81394456203993 74.74656821402067
98.19883017282798 50.27546624166773
75.70761046449387 99.73326294747677
72.94745593460017 54.026422956575246
81.23204372851765 75.91365476845066
67.72692033525284 18.68584821075595
30.99717190424184 55.5580594769399
96.18934247288337 13.45828625538832
88.01854680891789 9.337494962207394
15.930535889604137 37.565752841887154
10.714081419331912 65.61143294470388
1.8792530970245136 37.44764007441177
63.200465738001846 79.6211874218696
74.34744955488078 43.449072053034634
25.16244223420535 8.900893062231418
68.60203847836856 36.62611762625597
51.73382546289464 49.411999867525495
61.92500975277054 81.23002062491736
87.01353235319478 64.0888936991935
20.72037499581979 45.16371138667896
11.17707927696564 83.33119755421879
53.63515082233522 93.81913888188214
36.550818080796255 46.58215429664018
53.455230360596005 97.64109706176953
67.17870510683812 57.25033521924363
64.8623389358506 47.80414821320155
92.43432402906178 6.2984437705284835
78.21325470667468 56.03531130694633
59.20270320528331 83.06734757567399
77.19093743543854 89.35970802805923
74.42945383006311 17.847930020344894
46.445497609191754 7.875207315639932
34.94243474082912 27.044479406195254
51.74981202109258 16.314878622371477
34.048778661516955 95.11624903174372
32.757578996412974 75.56441438149736
73.58512893689351 45.700292857396576
26.709389045552424 50.13558922008039
80.0019112791672 52.03437620624736
67.08303991191687 35.57836156494973
82.18224323199699 70.04628515174733
88.81096723588045 92.12159690197377
21.396317906585505 77.97227256838214
20.44598435372629 87.13908567366781
20.88473029327088 51.88474454994568
7.636986400626444 29.23378224067339
59.896309521265636 96.44882548438918
22.86303117672144 72.89147639203878
88.15019186305172 74.80854550084986
2.584278776042348 86.89953027504778
95.40815015209337 47.24957148549418
87.2540026339394 90.64026382955717
15.378550208704178 69.08697177629809
52.95000611628199 28.613213050758535
10.65113233193844 60.638293452302186
64.48002329742536 74.4643682222153
83.89307153252739 17.27006347553459
3.952970212126772 33.76561693684354
49.17272350706592 86.70400391957986
45.37417344536586 26.27896417811334
99.73584120158114 42.99141112741511
79.93143781785427 18.19527163168777
72.75660766151624 78.41805871609755
17.442836058555365 23.16870793343523
29.671645239709644 49.41800856266604
28.293104356841027 44.057027730254674
81.61913207881022 42.855020593658786
99.72491835109656 73.91453892527655
11.033363515609196 85.32201310219762
80.57109811398153 49.45439241944206
54.523740934946005 94.46094149104137
61.981830862268 60.16906399102906
4.420738617429687 90.70252877400752
24.600570534651332 26.16943944414193
25.355025733976554 47.35017114487038
87.07965815703396 33.44036794928539
48.71759921097607 1.2699941795423775
20.96137490276211 95.10407076666577
53.31732938985606 96.84767694008238
62.48023397444757 95.59501178137545
4.837628110680436 84.69731371385862
3.6840780376450333 17.184698964559008
33.617751954298804 53.13358553521588
71.70548763460305 95.23619402884465
