10 10 200
5 5 1
15 5 1
25 5 1
35 5 1
45 5 1
55 5 1
65 5 1
75 5 1
85 5 1
95 5 1
5 15 1
15 15 1
25 15 1
35 15 1
45 15 1
55 15 1
65 15 1
75 15 1
85 15 1
95 15 1
5 25 1
15 25 1
25 25 1
35 25 1
45 25 1
55 25 1
65 25 1
75 25 1
85 25 1
95 25 1
5 35 1
15 35 1
25 35 1
35 35 1
45 35 1
55 35 1
65 35 1
75 35 1
85 35 1
95 35 1
5 45 1
15 45 1
25 45 1
35 45 1
45 45 1
55 45 1
65 45 1
75 45 1
85 45 1
95 45 1
5 55 1
15 55 1
25 55 1
35 55 1
45 55 1
55 55 1
65 55 1
75 55 1
85 55 1
95 55 1
5 65 1
15 65 1
25 65 1
35 65 1
45 65 1
55 65 1
65 65 1
75 65 1
85 65 1
95 65 1
5 75 1
15 75 1
25 75 1
35 75 1
45 75 1
55 75 1
65 75 1
75 75 1
85 75 1
95 75 1
5 85 1
15 85 1
25 85 1
35 85 1
45 85 1
55 85 1
65 85 1
75 85 1
85 85 1
95 85 1
5 95 1
15 95 1
25 95 1
35 95 1
45 95 1
55 95 1
65 95 1
75 95 1
85 95 1
95 95 1
53.70733721915721 34.87363918044135
73.95401482830249 93.84283491714392
5.586170347546271 56.437135745297326
58.93150425047475 30.62350699207961
11.506919953738237 21.5378583288347
13.547543073392731 55.49750706537537
49.625389680204236 11.680948038966433
71.62334369448111 37.33612576299915
68.91613499429579 35.576212921206164
29.62825704911922 32.29781744756659
52.88593776037368 9.757036090920302
62.77869010003779 71.97893342562284
16.112486272789685 43.9497648541998
32.170244337936474 74.18934117549107
23.33709445693688 28.502314752731937
62.99448326912189 61.046027409498926
13.043467390660668 63.166416728968755
16.93845371614 90.56106016846994
74.48277365020898 83.64161659846941
69.76949587483098 49.489589350550474
56.3806696146626 97.68349208553249
22.470979168487894 21.793627723039677
24.469766527687597 76.68651098018913
8.62366173251987 9.548130380301313
26.7506460156537 74.61945740519698
21.073000240964934 69.96115376469287
91.69834350520347 50.60491485693851
70.46979859565755 48.54505416689631
4.1884628304180165 78.79818078424718
25.44423580018247 75.2664379233369
54.91810653039126 22.331906356350473
67.35415681982698 46.0051265507471
78.0118570298372 69.14992865670943
70.35841121963735 26.03076628765487
65.04642963589643 75.05286007946076
57.484564865594514 1.4142809346386453
69.86647605238234 96.51926238263918
68.08553851825282 45.57764769626667
0.09714510490531625 34.51745947385108
22.143712982131035 37.050549811412345
21.12484628702652 74.6900191211692
16.650908518843067 35.14069828699316
15.542140084731749 67.67545192930143
96.21409995117122 95.95381860748269
59.37308960501612 26.41450306677321
13.309250153130881 97.63630940939522
30.042898133424245 96.23040710180418
49.893937948034804 8.553500177477114
49.09544475727936 45.67213931183704
24.33348621755296 25.267517450754028
40.08339059382436 7.545073469293984
19.11966437256033 96.88178212068867
84.46628501242114 97.00649704988658
47.221648955695684 94.39137747640189
33.73904890479815 9.80773512773544
62.6883754609182 49.902675509224615
49.745381648951145 58.04266196816964
38.48077676181821 73.7968099737391
33.78979945801698 88.82931309370554
91.86643578587899 80.8267711336849
49.76454330386167 18.19905212440045
98.10598902179636 40.81429591109581
22.78529238431124 35.72662834490129
14.304255377147134 56.44426405396948
24.05363571010637 51.43252356792668
93.9344163258234 92.50595868938942
70.94692601098541 30.378602433287185
8.462414238236493 16.89995302613316
13.791791111785523 78.12979737468407
90.13340833407652 13.992986012584318
57.2997819289372 37.150276165088194
68.3377110351607 57.108129575126284
13.672568515195493 51.99599250505022
58.855975372294246 94.94630809900264
63.007347812549696 98.41223718384282
67.86121444943308 1.3704668615048599
55.9209994950982 27.045327914904295
31.83557639564496 43.19157280740191
87.24005540328123 6.10827010899907
3.9435914149938966 11.74967313504245
17.53696253637802 4.5565029106649835
42.641058327711356 14.083679089694478
37.082134138515734 50.075687515879
93.41265159825035 89.50727873815009
0.8933232279417891 34.99602946632924
29.429816987414814 69.57719059378338
27.12303309635271 94.52838883041629
35.63755050954194 28.068779193951997
19.782509174379825 59.58476304836316
96.82448933142521 98.18401318874417
28.764944378042657 31.89974431567767
98.19174063304821 15.175388751748631
98.43690586576166 52.005241589094865
40.1023465417744 29.873546312884415
19.25565174701903 85.21461452547771
12.360772547321952 88.35181984343605
6.364900544528373 20.247728137189625
16.414587305826 21.963614218794923
30.647080351414235 49.85385530946752
34.85095424431525 38.77020020652181
94.9244315707255 79.5201667780607
55.05067704002511 54.03059485502926
63.22347407154202 9.182281389839709
63.529726055125025 23.474404906146674
53.7411624475396 4.835852177688526
50.07969280594372 94.63075432111803
53.68327370095201 51.372763317270966
0.34400538509911094 41.52154852532411
67.75453500738178 17.228448049440047
74.010958318301 83.90123478603807
74.48264145510961 96.8920347437123
46.92417961607074 3.4980355901245597
19.955257904017433 71.2370660393742
97.34544801855107 68.5915844278039
68.2172716102015 85.26357734133877
80.68420470321543 76.45046130777166
72.18073378926447 10.558561972767034
33.899669284031035 30.285327608407098
41.3500230396329 64.11696193483634
12.476388617967803 24.890687654227396
81.23755814367415 74.34947131732243
7.551851119186681 22.818516352692896
60.67579280103378 86.39017918513274
41.617172491594026 61.684030245708335
46.17251138947488 37.09081603948087
66.22405739734835 57.66208745631922
56.72652373312008 82.48399363055856
65.62401795209098 19.59766642286247
82.95381129619642 68.42736731922304
42.9702256721339 16.80849725031942
38.344859828440434 93.18147795018615
58.31052342692967 0.2511603005558416
44.10659199534515 15.100283923792002
15.540753602562706 42.65840468958248
93.40969785585722 84.54159865213076
80.42278083344044 73.69465596621771
37.41885619858323 81.98437575270925
56.61601129486426 86.56343577337189
20.109426434785693 71.35241303715793
17.188426717882432 11.819029912732127
10.52019145414408 8.22593827607092
56.19757258510496 64.89351882844134
92.89050939306665 93.36771076351727
27.92321779789185 53.14061729611471
15.113270864680306 4.889914114636307
6.564579156647687 3.641265504890112
19.76173003447301 25.06375714289113
70.83010694254395 45.31461381236896
22.663243927393662 84.01839696093778
16.389802019834455 97.5735466436235
70.26658692700796 50.32423894668578
36.80699609255434 31.108738167938967
11.26048193830953 98.52521586668436
82.16292418595441 12.942046172466648
15.84562894002568 87.27635184114882
85.23952005223946 37.39066738223039
0.8699350174504294 9.755258995259098
55.98020735539661 55.65046486055161
35.437394561051995 89.6944379998834
59.23163298983688 41.120493061203646
36.85168678167228 78.41083658048072
84.92611940831773 79.8078717821281
96.50155692963374 52.67303599299053
55.01857053044107 49.31798559706756
83.84205890020068 50.177325397365024
57.866821971803795 17.215575310208276
86.80525532157371 23.5132355956407
21.70684177896568 90.50256560090483
54.482964643556784 60.49704474509283
79.8078027199476 34.059486237522286
54.015403938743844 77.81450562370263
48.42809257623634 88.11956522779649
50.36271018690193 6.612167745480169
83.54486142700337 9.815422771579929
29.58118199177221 51.68640539322185
21.291004032547967 4.898200811366637
82.07923454144235 4.031421955430159
51.00523235671547 61.69221155854091
49.55708885936605 22.899011205347385
20.217469272379564 81.75741762260526
13.65052743221219 22.242074701920366
68.4949913094702 36.78663708456652
6.186378151881433 68.99275908513727
4.058062234027149 50.5356043693081
83.08448718380679 67.69191603534716
1.1921803317916702 59.32503294039394
31.962620745968586 31.229173160824942
39.25299820627518 86.36888967810707
92.32804327694176 85.48212455820293
58.544398589056634 60.14431163350701
85.86384634838919 83.66162593007587
27.47837886942508 85.0082020338783
79.42801916925781 37.51972642960153
7.167452627856131 70.75359233506336
84.42689039599546 59.49345806446674
68.20952744463484 93.1615300422177
35.10184780355859 72.0052781906638
12.203587163526608 86.02537956965234
14.97030010410504 81.92083874423454
16.1664403539447 46.4329144227995
