5 5 100
5 35 1
25 15 1
45 15 1
55 15 1
15 35 1
15 55 1
25 35 1
45 35 1
65 35 1
95 35 1
35 65 1
25 45 1
55 45 1
65 45 1
85 45 1
85 55 1
95 45 1
5 65 1
15 65 1
25 65 1
55 65 1
65 65 1
55 85 1
95 85 1
95 75 1
72.0808496061347 49.4435367591986
50.12664164985785 18.978338114595438
77.0413617700234 45.2105370791227
92.0616216690759 40.75576048094253
40.730274672567724 52.34893070493565
80.98550925858548 68.69071691280327
47.53615973633531 1.306292181277613
1.7032465836568589 15.811344100627068
90.45908759310403 85.33432630916153
32.75438310699869 97.37277120874633
98.58052618372682 55.51594880791332
87.51629450934989 84.6977835624442
5.370225209110657 41.96647079480641
67.92009425334263 36.76320131010121
52.41612848821722 94.23512727693729
97.28336605467646 86.8416154759726
32.17645480092543 63.657661757504556
46.22338172846566 36.6085393819881
43.60363624550525 53.224856316571135
61.0180367360599 99.277339171604
40.9452678943608 41.075640932911604
35.31035979930755 34.14798020053769
18.34086912508529 26.89778145654591
72.29944371898524 28.300759916372076
61.46731728259473 29.79773955070688
42.53624398325903 52.03385367297314
16.222735780832885 84.84993293621046
70.86954106419694 22.011482106600955
64.65653387042636 57.25176009252363
73.30955822865916 41.67093799222618
56.5762909989469 50.97765198353065
47.76524326513759 45.486054148244946
66.60907059506329 99.05673118667085
3.5819602157714514 71.07460384918343
95.75892299476021 36.2842104907792
22.38886197949529 84.89392792680202
16.77876635867197 49.08054339154025
46.494572822382274 58.41405024472075
89.5454345407487 96.53602632137914
37.042199000470845 16.88770746503995
92.96991232311596 99.21061692625955
77.97715431985965 30.155300847842902
5.1049594711626956 42.06807335688394
48.85073463908173 18.009602523875003
97.21399622180722 78.55134421695759
41.09899693658281 56.06499475523707
80.1152583560482 28.31819386470624
34.783798604166435 82.1686377593799
63.078427639769885 89.99767027143525
51.14270642826308 12.565989112223686
89.26258416345432 34.57909752262045
55.0488528661239 93.11122408326378
59.43586059212264 51.90413765879796
42.7130563757801 12.307624086745294
12.95053720546594 35.15355494493511
11.163330734111621 91.86128204726141
1.4985853132120641 74.52415623444143
7.734448622898615 16.53539069001696
89.72612012610986 50.54945874050627
40.8919409565656 90.85158455339122
22.978156367335945 24.55988510853603
81.1750931113681 37.64935040456451
93.45553745778548 85.94268303306008
51.48929766549246 11.737960296238947
22.25412172589387 37.952170892983794
18.112974322230503 38.707551032603895
72.75077845222283 14.575245061016695
90.2504156769541 61.426500084918814
93.91135213949936 48.036859727072766
19.407312655975318 96.635406334495
61.22789667057491 76.41000690181457
10.77676512997816 95.15589931179575
0.9017991792381497 21.589237091433013
14.841800363084445 10.308107203231721
57.197275296964655 7.49670615614304
95.68414587979615 91.40960403764201
24.33752547334006 8.65858512799047
34.97495071562145 5.82073568034912
47.111944395560755 66.4050780866346
14.448342677752123 75.28247231349648
69.44901192482922 77.93494614746977
47.560593332059334 35.08540527835582
37.73561118913118 77.89458351950647
19.993182304547464 66.87379439859957
24.374116572981208 39.40814265449695
30.920530401914657 13.058405491054836
94.65875237530794 72.20902590351808
20.143414525918345 98.5520044647523
50.34777645538032 47.01829720117131
42.57878313748865 26.965271676143033
15.513639318313178 12.839607147685095
76.50104164848506 47.34012211332953
17.361227458044038 38.45915468218888
12.334453570145975 51.00744640298831
26.568068889130146 83.46722291787961
39.22908939182995 24.324270983628903
43.826214500628325 64.27566937105115
44.91888449165471 90.77222216543976
6.124343104817498 24.181863438874217
17.581758237493272 43.30986977444119
