10 10 200
5 5 1
15 5 1
25 5 1
35 5 1
45 5 1
55 5 1
65 5 1
75 5 1
85 5 1
95 5 1
5 15 1
15 15 1
25 15 1
35 15 1
45 15 1
55 15 1
65 15 1
75 15 1
85 15 1
95 15 1
5 25 1
15 25 1
25 25 1
35 25 1
45 25 1
55 25 1
65 25 1
75 25 1
85 25 1
95 25 1
5 35 1
15 35 1
25 35 1
35 35 1
45 35 1
55 35 1
65 35 1
75 35 1
85 35 1
95 35 1
5 45 1
15 45 1
25 45 1
35 45 1
45 45 1
55 45 1
65 45 1
75 45 1
85 45 1
95 45 1
5 55 1
15 55 1
25 55 1
35 55 1
45 55 1
55 55 1
65 55 1
75 55 1
85 55 1
95 55 1
5 65 1
15 65 1
25 65 1
35 65 1
45 65 1
55 65 1
65 65 1
75 65 1
85 65 1
95 65 1
5 75 1
15 75 1
25 75 1
35 75 1
45 75 1
55 75 1
65 75 1
75 75 1
85 75 1
95 75 1
5 85 1
15 85 1
25 85 1
35 85 1
45 85 1
55 85 1
65 85 1
75 85 1
85 85 1
95 85 1
5 95 1
15 95 1
25 95 1
35 95 1
45 95 1
55 95 1
65 95 1
75 95 1
85 95 1
95 95 1
8.730148686581662 58.38080858689521
39.77514924534775 91.46608574423902
61.4481186859825 52.25245593286709
93.81692434139916 28.56802432583526
84.85933962250535 42.21348841363247
67.60241368900253 96.86578353652595
80.67576576344119 60.47058137647956
80.55654699388263 2.4397734333927334
42.86049602293035 85.95765746187696
75.30034060732528 45.111721447323106
22.93368216552202 34.71184014027603
42.974445809000386 11.545257509070295
93.68983003193584 64.79388730770667
52.97463274634622 18.206520864421073
32.24516444817848 41.252458112075786
14.54719966867788 33.4434423303669
36.61479381647668 73.65182683086347
90.71633637796536 0.8858029249954047
13.668139924587464 85.51317514054439
0.9969753734948905 25.817170312761604
56.34583014794937 53.25571160826795
21.718290443339917 75.34282788364425
71.2505349416398 0.5460174427961428
71.19970912580646 37.674428670284776
49.25530622083889 57.69360110855995
65.10703498437823 80.22766188765861
18.080353167335527 19.070830632283975
20.53323584301866 18.217214210236854
78.90818034543794 85.94119009649614
36.28453416795545 68.74245211202935
79.16974059380169 86.16417224975258
77.01075204802909 58.20048112610373
79.88819955775621 32.503228081418776
59.43556121861809 27.10311908734876
40.466443418122154 37.93962552230382
49.734063279144095 0.16005960296165966
43.728456441644795 49.72381560285252
90.93180461938391 70.92846370846623
15.092320480611289 39.27189066086662
75.59920111216097 8.347301656832274
86.41213693272113 4.7028169596002645
67.3999380479337 56.52939364620869
95.80279922152094 36.95679863702881
30.894796453686414 17.96950672868699
27.754256980871993 31.710258287355984
57.88647732279626 27.852687408544153
17.978196501088707 86.66927862823624
6.863186561264689 95.59247400220846
25.840176204077892 76.50234453814878
73.45655365331768 95.49629861256692
77.04507315508069 0.8930320725512253
76.013050174599 96.93179711821614
78.81311639771332 51.93361585446012
4.7462493644021775 2.2020839071522857
24.61099020755243 72.19223258673088
15.512671043017756 56.08143257064282
75.14491146991989 56.728710412035795
72.9360254742417 80.06385468723079
72.39194447140743 0.658536680813826
66.14588614905954 57.452649181876794
82.0818390693959 25.810022699904035
14.307948356388367 5.105603298214212
45.02380008220618 16.25027968644811
77.17174178443564 58.33034229114284
37.6045623494623 34.0106119055536
9.013866136034366 13.179092302985351
89.0501281852092 16.98893118071132
53.60667087420242 57.2198077204874
75.13712994357913 16.48072422725474
39.428654639720975 13.453726260023203
11.53700495631601 37.45310557583035
53.046558983619185 32.2300649185017
38.9710301791529 55.78867067047808
2.95129243848542 85.27793132871281
1.8196218288336286 40.28192057768811
71.4442369873475 0.7618511150429552
14.794024630858903 2.1063009320949178
13.771316072674722 58.287169102780645
74.41420952836616 96.60954905900412
53.135463036371945 87.96755732612135
41.64183190965094 52.7743666364437
95.76566371540738 2.6504634957572604
91.07586039498618 30.093619659798154
43.983277969578914 93.6540734865008
43.693044906992654 92.08990550762584
67.1603357703508 14.745916005137328
97.63899108290023 3.0287933166518344
68.96557333996513 32.025067696505616
96.33177324282809 24.348823709239497
18.33035424272663 25.333725409231345
71.21903008133306 39.82882580152091
60.8909242182616 91.20585351451781
71.42041302493442 82.51991469413034
27.37058694278458 8.501995497005243
51.01068771379699 17.866897949786285
75.92769202571492 54.97107912996929
59.6732855121327 21.28781264299484
39.77540590299087 82.86167426191837
63.731725620670495 32.93478404052653
55.09579700499317 51.89933293996452
84.95679023922281 63.979887707699454
10.313333435262972 8.938594427050106
21.99598613827162 82.31561563557952
37.78584526016526 0.30650060148934566
64.43314556322055 44.500031200072264
22.984662414410593 7.191092784451447
70.6406550542522 52.87476064563212
92.9528520623972 20.477404821554234
36.35580786358725 83.06565881160977
72.65596291485856 22.624092337611057
24.946492287682165 71.91707802142405
41.72427267079881 0.00030972764590853075
46.24936854004218 92.5053704686931
49.78805473450178 39.99831399476883
37.58175935731638 8.049512919863833
87.06864600631812 13.908630092379893
42.21217550774667 46.65276638814673
27.249218615603844 4.702695211737929
4.794649819005137 88.16332580211072
93.89507370892777 54.31357319964037
98.29142689551423 86.89572639350564
68.40641195648584 19.669861090826114
22.41848713084903 3.3294656005186107
73.32588074582327 1.8651389255692652
92.25009724808993 66.48926625630988
85.43888337850369 45.91457585492095
85.40345889076603 44.86578374442058
31.4484300535129 88.45137275661827
3.170969033674409 78.7753519687158
55.02980651432916 88.07274663289418
86.73087671045313 8.246295331067632
38.66297582201605 48.02483571335811
60.1038980323929 9.043430267039088
86.67011461414444 6.170681679138623
2.85801664340648 90.36400431860608
52.657620998192115 89.79535488130462
34.50189955060572 98.01693795960304
93.66494496481842 12.794007171201738
32.96305591352111 7.394715543171094
55.46461723297785 9.236747506961617
74.73119815504486 25.061435634289907
89.89932126689544 41.86044883042969
26.573456824206332 21.732800283542797
87.13027092401737 43.618006919107835
74.16624565840362 41.3612913592829
76.16948028306952 15.334571349899107
72.25452065468014 12.388234810205113
99.23190186815522 10.104790921530682
64.38305837615526 5.470578267868021
3.8637635099363132 83.95196607226073
96.66493191267259 3.104904485690163
33.878324806937876 36.481478983027756
5.469628168319751 40.39739239383648
36.968088781133126 40.30601440797158
69.91977152955593 42.543888614167166
3.652224662136616 64.6492213008736
21.48964671542919 46.93682491893614
68.71082921367663 3.1347232917075196
94.24949530165371 95.85305352048213
48.71525219771007 12.611570386071946
45.2492510405565 77.73204079036792
69.87543497128395 89.85658196625046
77.00955936872096 78.68920905381059
71.9203940994252 31.257835994724857
23.427362916214 81.11956914135959
58.41888031595735 32.96962048606655
86.30881169703719 4.2367644738668275
87.78625272881582 15.578837405179137
54.439188003632125 55.095166934131655
62.88975704760899 1.3906064785023209
63.09792206652753 7.294404905721031
15.336564293026855 29.25691592778771
92.51578428771518 19.052045077324888
72.89186702493376 85.52701250630803
84.63381805170478 58.92263506854694
49.11227922460088 38.1057244421196
32.6706920928977 54.35186103087084
89.83828746585755 74.74861234788077
7.313573221867598 77.86654796238894
1.406614075402035 85.505411259353
13.016652977883059 3.8018718553932462
66.29892976597071 16.387538878411434
52.89644756921111 40.65315926061027
9.290403436186745 15.059178528052852
80.62876473249729 92.9615336655183
96.18987369617152 96.54423460489174
92.6922614193027 4.987002200930335
40.726674710936884 98.9282324291281
86.55135670330863 93.8067986860066
33.06857011315514 11.867895157701813
16.32101100836989 28.015417791752583
9.547078319633018 47.875401045219434
23.10504752291662 38.43831262118126
36.020413246108106 97.81130418231386
95.52561211220163 74.07963418892763
67.07397802086145 20.39725640734774
83.9368578289219 57.16540323208428
15.508716327555383 86.15635434821701
59.394425550801124 39.4230730614053
18.550667404482624 71.17602224915545
