5 5 30
10 10 1
30 10 1
50 10 1
70 10 1
90 10 1
10 30 1
30 30 1
50 30 1
70 30 1
90 30 1
10 50 1
30 50 1
50 50 1
70 50 1
90 50 1
10 70 1
30 70 1
50 70 1
70 70 1
90 70 1
10 90 1
30 90 1
50 90 1
70 90 1
90 90 1
13.016652977883059 3.8018718553932462
66.29892976597071 16.387538878411434
52.89644756921111 40.65315926061027
9.290403436186745 15.059178528052852
80.62876473249729 92.9615336655183
96.18987369617152 96.54423460489174
92.6922614193027 4.987002200930335
40.726674710936884 98.9282324291281
86.55135670330863 93.8067986860066
33.06857011315514 11.867895157701813
16.32101100836989 28.015417791752583
9.547078319633018 47.875401045219434
23.10504752291662 38.43831262118126
36.020413246108106 97.81130418231386
95.52561211220163 74.07963418892763
67.07397802086145 20.39725640734774
83.9368578289219 57.16540323208428
15.508716327555383 86.15635434821701
59.394425550801124 39.4230730614053
18.550667404482624 71.17602224915545
11.021132888530637 13.938632740697276
87.3234889125626 17.95100734273354
71.99564037688101 44.06984679938042
46.51055385507266 57.824787155697244
65.82299821748965 14.178313387462326
86.11203197841003 6.417711942556648
76.42165252995048 60.62209575922278
32.564850994200235 94.70675318688377
70.98111040795936 34.34815910328933
89.95362145255955 81.74216811509555
