5 5 100
15 5 1
45 5 1
55 5 1
65 5 1
5 15 1
25 15 1
65 15 1
75 15 1
85 15 1
95 15 1
5 45 1
25 45 1
35 45 1
45 45 1
65 45 1
95 45 1
5 55 1
15 55 1
55 55 1
35 95 1
45 95 1
45 55 1
55 95 1
65 65 1
65 95 1
4.79298593889812 40.063858475799606
31.255975805286916 40.47501398288743
34.8403938949468 25.58996038154604
33.19695432614772 40.80832408521541
15.21114034592318 25.709927218720207
9.739593501711452 92.45326717711177
41.17181170357694 39.43671408365185
67.51222139695322 47.64711760465863
88.56255346204968 60.141955569967095
95.7359623531386 63.0198008383426
97.24878999810012 97.26114430089855
31.378203764337876 96.59479399186468
54.490182673944446 55.809642100729974
63.33897816685581 81.63424001818555
67.95533974501382 71.09855000046905
68.20702319286143 35.052215163301184
94.07666085853144 53.313981739971226
9.130068808080205 40.471471620919175
1.1417469276879588 37.976756586700425
49.585675524579464 52.33356279775918
87.27696003474063 3.2171274679118733
30.208789732836593 92.76604198976744
62.24579781202305 87.61963342620327
36.08345656348303 21.966438986836266
46.98051183010359 56.04655378470929
92.88816139080676 66.0082778688128
4.450673298096241 95.45839664890008
67.47425714562446 41.581351854789894
63.339047955174536 53.29489793651931
14.253814784293262 72.87181121762737
43.8765559630997 73.08426317965822
23.236705833682326 25.207550015882862
32.01567066518487 43.84636588648968
17.919131866240612 78.74807446066744
21.05763151244666 29.66012741023707
93.8692224117558 34.6184515468393
29.45276345080019 0.38201462892240023
49.2170878165156 44.032732797730326
6.5033332658995135 46.15653098152125
27.640593203614305 30.181469444414045
61.95216798594135 86.07170654644722
24.324169528277963 2.335809680236922
39.21282289395618 29.124536169325253
69.99833162674489 19.172405399586236
65.14339844803003 25.453215611769366
78.47435173530798 90.05670803103244
8.272987918939167 37.02146934857464
6.342111322232569 30.001556426799215
29.212855406787174 79.15534490104459
64.45040165682474 11.070970498296106
20.63612007462372 3.420797227505179
24.872020479211454 50.35232978109276
17.916201983678015 49.87629866623402
45.801436066464085 65.8966009363164
60.956603180376646 35.889758366147916
44.36909609121638 10.99094160219991
93.76958623318585 35.13004475904607
37.483198178759935 89.07134813965408
36.43497376388524 41.18864106262377
99.48135571524763 38.784792657106316
88.21728646996183 98.20663974920387
62.84553000205783 96.66460519822657
17.591911676524063 35.27968929208766
47.573440104960085 5.353616410738981
82.7756126784622 91.86567815868722
87.9532748050278 25.514644264005092
68.32495503932931 64.54177005881276
14.277087472919803 12.414776276559625
4.187597373846774 68.2051989534781
7.172870961817745 28.18619872894669
1.145652939017483 81.73521067258224
29.671864998849472 0.32682619519683875
64.07077669546483 87.3637271250223
47.808296288442484 21.777034896090896
53.68061373075478 6.351449671617027
72.60169505231121 86.6453259410433
88.74871454397625 51.64884842388523
22.354178572162255 95.91938116684274
63.94929668083422 16.213074871262066
37.86377224401989 29.90861929965871
92.11881760282871 15.229523336775541
53.32602265475019 36.04775129053686
76.72180273322718 35.71781170012754
96.40965537569677 20.89595173441484
88.67443764472729 9.507278575605337
80.35100518113539 77.55527882085835
89.10303085927043 81.43015850093566
14.673869246182358 71.33910314427996
42.84338389711869 86.52802097265953
6.185899057331601 40.163581266745084
91.10233993443171 18.603635491540736
72.121030941483 87.32944914566548
68.06139481464417 41.612368419179305
47.99417179666086 40.70386335819808
17.588413301964934 30.76443028614805
99.97924438630844 69.13784539898408
80.98851852564046 95.9345581668027
86.68705736279298 52.395445915125926
41.325349467332806 52.273149377235505
63.02500507155171 18.163637885268013
