10 10 200
5 5 1
15 5 1
25 5 1
35 5 1
45 5 1
55 5 1
65 5 1
75 5 1
85 5 1
95 5 1
5 15 1
15 15 1
25 15 1
35 15 1
45 15 1
55 15 1
65 15 1
75 15 1
85 15 1
95 15 1
5 25 1
15 25 1
25 25 1
35 25 1
45 25 1
55 25 1
65 25 1
75 25 1
85 25 1
95 25 1
5 35 1
15 35 1
25 35 1
35 35 1
45 35 1
55 35 1
65 35 1
75 35 1
85 35 1
95 35 1
5 45 1
15 45 1
25 45 1
35 45 1
45 45 1
55 45 1
65 45 1
75 45 1
85 45 1
95 45 1
5 55 1
15 55 1
25 55 1
35 55 1
45 55 1
55 55 1
65 55 1
75 55 1
85 55 1
95 55 1
5 65 1
15 65 1
25 65 1
35 65 1
45 65 1
55 65 1
65 65 1
75 65 1
85 65 1
95 65 1
5 75 1
15 75 1
25 75 1
35 75 1
45 75 1
55 75 1
65 75 1
75 75 1
85 75 1
95 75 1
5 85 1
15 85 1
25 85 1
35 85 1
45 85 1
55 85 1
65 85 1
75 85 1
85 85 1
95 85 1
5 95 1
15 95 1
25 95 1
35 95 1
45 95 1
55 95 1
65 95 1
75 95 1
85 95 1
95 95 1
86.49908466777218 13.467273662645285
1.997882167250875 35.685657591524965
3.482035122026317 2.769338701292101
62.84680115763705 10.902091255001379
18.373222534760703 53.68770600690005
87.63172964051867 24.392460386456683
33.08060895448436 56.34215721137971
12.075437347617635 93.83756541395728
49.183470005596696 1.0491208819515374
63.70417912750821 74.12432223146274
92.02123246587797 95.65191685598626
66.4831110911224 36.44502734041082
97.02048097258213 78.53154263709096
54.118970525450706 47.051135086769335
59.893408975807795 10.824614709383141
78.44619892459119 91.54605449379534
43.591230604183984 90.79243200746822
69.87930654695734 91.14099517277356
63.5027053900211 99.91164136427722
65.66691847885568 67.37092495583958
34.88261782184687 60.03136301890481
16.629681103723783 47.538279063217004
27.992126068193368 59.96567775033487
48.20534871221957 71.10442328134457
28.94127413140193 8.34029718580217
85.59406850158503 96.07366754332331
47.277558468618764 88.71681257664913
54.05882166055835 6.230684645223416
1.0295528764276751 76.64935495327325
84.72748062633408 70.20753879271695
37.89105109277374 2.165231846109239
25.728107442997906 0.07953050806623896
51.35646207881387 37.73154428929784
67.14911560889165 49.36293026156867
41.096690619711666 95.24931330689476
32.818239728375396 67.48580577045243
81.23921661754825 54.877615208897225
14.58118175554992 65.73352034469863
79.89946696413561 63.58680739676454
4.743156176022101 13.849371443107561
94.40230072949541 32.87942435696988
74.54897806363151 66.17357222374149
40.88523234607398 72.02419545531352
53.200468679123716 85.77158424194027
71.6236644268755 30.67093524508143
76.30787016933806 4.847255124710137
89.04871825374694 73.60975174807885
11.758771656203848 34.081379426259
13.443868119761948 85.61285338857226
83.91101293800264 93.38216322923016
78.80781901602997 55.16898409698578
69.62238936260434 45.592259170194396
52.014818906302715 59.59421823380451
82.28383741236934 89.63691617054245
46.41890597544195 88.44771265679121
43.065741664546785 93.11778223715618
10.036221442185644 41.62175210901344
38.02755515533216 84.66517996030103
36.974959259296945 19.847024316731133
20.59562706160536 42.38285084479504
90.48641480808529 3.7129150693562596
45.84855723824713 85.8053776936126
10.879387666735052 40.613204354979274
58.56483658919313 21.647989485693376
75.32629687083573 71.08206317223394
62.88608038227031 88.90679725930998
76.65070210858005 84.28344679472227
64.98757733068918 72.05744071600165
32.01284347467347 39.32956081493738
23.417368407265926 36.07792832025787
30.862852239937332 70.6813710252607
30.36966657292034 98.6705171369641
12.050726214786234 99.2194653770854
14.070066796768055 8.568399817508631
4.994390749593558 57.66109048479879
55.361255061537165 25.62270096666015
36.809680050710334 84.00389527829391
39.8277917898408 74.63891263142835
24.953505668792943 60.94049069718752
1.1300536541345996 54.40616161319755
96.54872696042635 94.15876184325427
86.10017080928539 89.03595603633215
37.54313296973947 1.0243195617418044
97.52627371524581 83.05698844278714
73.51434429368635 7.6864942739524045
13.690237504402415 50.5070864874928
17.61722135828354 17.90906769365277
91.812718674469 68.30695770109787
64.02146609518351 69.39365695052008
17.174745444362095 46.22462944946288
92.56978260080135 15.149548468832352
0.49445186387970796 6.416308593206621
19.64874346578318 81.31888179678913
46.692775376114305 11.390928010772905
32.42475953302496 74.03931463762873
84.8943911587247 70.79918139722311
51.95598181144736 36.81463922057719
78.65162403177727 95.41141561016423
35.23761094956374 18.04354949065653
70.84773288004232 49.02428998429856
38.261156208710354 60.52700573209724
87.61576617045702 34.68062348577949
72.01421875107287 31.711138367990188
14.877215995424542 77.04021655813484
60.21430890207966 52.22552817823403
57.17584357562793 54.01909505737662
59.6923825816665 44.04595936345349
10.368885109963678 40.769352362394976
76.46746088525903 25.524785444371968
49.96579441029627 33.80405723713133
63.731698466888375 81.84510333696046
90.61930661217562 80.30237880774321
74.16588800365085 2.4640414819241396
5.826900034460958 20.662967483248295
42.740849062405616 70.24208263145249
58.33784766958405 69.14808898390437
71.71364074903063 1.3001252200754099
26.328764118278936 3.098632121870337
72.81498673740205 13.545416876690464
81.94328317501918 0.9123919981473216
65.96972341331121 72.97437229522299
11.126374289815388 95.6436641343924
30.466255223589954 20.46731164243133
46.9632148561605 58.79411487527874
34.288135456278155 95.8845554255759
74.85643206892964 30.691267123883016
47.01823212124572 31.166677064956218
63.89077800151839 81.72878680880198
57.12397320129989 57.22493750848805
79.3760485909703 29.272799844906604
70.14144293051928 39.077753317757626
33.6050353144657 37.594292720148815
68.766879126717 39.32494693988894
28.89203853652399 87.96753332308181
44.93778270176093 81.50299105328133
47.00279036883851 59.81852520224128
87.74037043353938 9.614422088956221
8.91021665413998 54.110083312365745
90.70913997820088 0.13038880087234972
21.812591050783293 67.69773667911834
1.046653569673095 20.914901007225772
19.57930588843014 58.87238293924841
92.06272529713472 65.4964332740014
19.994422735094986 25.85910595645432
65.55916017069488 71.49014938726032
94.55491632441944 75.07091347667337
88.45731462492523 99.65067013254615
34.66536674111478 89.86134193597208
0.3256394814725061 49.88857342166939
27.14414158563495 58.36281735303235
56.11048777850437 33.78935719128345
17.903638326488803 55.98605252978006
66.5617180942225 12.267916803715506
72.73790795283398 10.018164773643646
72.44779767451301 48.95524508083346
18.484863296126196 50.91875374383415
34.440610009517826 33.84914043824061
87.08391830076508 55.03592418358372
11.352759589167471 52.36057820251319
77.53313337542473 5.78160049155475
44.715299872499955 47.87444177633159
9.802776828158677 89.461441115783
56.478172932264634 79.93690844296835
73.89144339342634 4.423059252118822
30.778625558263485 4.844822342457178
48.44859421647496 5.5061368501487244
65.2047577367091 26.318351256559335
77.5381035000698 40.636763062951175
48.39287820197982 16.868363070794224
57.1783958988755 39.48157879568065
12.619457186514783 31.993719313871228
63.70551315102021 87.18861723156111
92.95390723720912 75.48553224296136
92.16565631654386 47.075091114887954
32.20704075944572 92.31315579772244
14.685563208888464 94.1847064766893
91.27803941463098 24.143116925424103
92.48054100176516 95.21082748215713
62.05152744882799 42.359906262685676
92.41364549546111 98.37858745136629
80.64681232686289 25.814245595822328
1.9858641435442692 7.582196499517457
5.828742409356136 28.788006303383206
17.163677038819692 64.03810552369431
39.56773055951501 26.492794847907632
89.59454308163257 54.345731018741986
41.95317519149272 65.89748375820817
35.73666679893053 1.9721594421432953
27.462935402466005 43.50028489133834
83.36056969909802 67.28085703024621
20.294114772168204 41.110846547505766
83.01278646907421 0.6602026553931162
24.638548399483852 55.22350417400096
86.74776255434806 12.187652274299655
7.36418870386305 48.79567447659571
81.15674941639847 1.672016389010611
74.30945425569178 13.441425215214341
78.67035574402406 72.55906851073021
25.180585960575886 83.40181183608767
66.6795412492836 49.38022213406895
