10 10 200
7 7 1
22 7 1
37 7 1
52 7 1
67 7 1
82 7 1
97 7 1
112 7 1
127 7 1
142 7 1
7 22 1
22 22 1
37 22 1
52 22 1
67 22 1
82 22 1
97 22 1
112 22 1
127 22 1
142 22 1
7 37 1
22 37 1
37 37 1
52 37 1
67 37 1
82 37 1
97 37 1
112 37 1
127 37 1
142 37 1
7 52 1
22 52 1
37 52 1
52 52 1
67 52 1
82 52 1
97 52 1
112 52 1
127 52 1
142 52 1
7 67 1
22 67 1
37 67 1
52 67 1
67 67 1
82 67 1
97 67 1
112 67 1
127 67 1
142 67 1
7 82 1
22 82 1
37 82 1
52 82 1
67 82 1
82 82 1
97 82 1
112 82 1
127 82 1
142 82 1
7 97 1
22 97 1
37 97 1
52 97 1
67 97 1
82 97 1
97 97 1
112 97 1
127 97 1
142 97 1
7 112 1
22 112 1
37 112 1
52 112 1
67 112 1
82 112 1
97 112 1
112 112 1
127 112 1
142 112 1
7 127 1
22 127 1
37 127 1
52 127 1
67 127 1
82 127 1
97 127 1
112 127 1
127 127 1
142 127 1
7 142 1
22 142 1
37 142 1
52 142 1
67 142 1
82 142 1
97 142 1
112 142 1
127 142 1
142 142 1
118.5931520953606 126.3735073206372
9.630165829933224 24.744586939867872
71.00959370577414 18.394033732893128
76.13344030750217 23.023093221394287
124.20852883939934 86.73692294950115
60.5489264586228 132.61529132460512
18.351561198766593 47.60356387089493
68.21817630075519 24.487745201660445
104.65721238108218 116.89218290875964
114.45111968922465 148.10129985110365
127.0919131815142 85.32752134861019
14.832708886985458 71.65288094615802
132.95887590424329 12.36360655358107
15.152247448021383 23.20708514048913
144.89965135573638 117.70732638605323
50.885608364759925 23.753705166822186
55.03553005037642 147.17180976271604
135.573334057448 116.23130082949072
138.99429771069694 103.28767842425174
141.72693059167193 74.1574266560024
31.92682691942201 0.8648968030179449
138.37116503219798 72.66417076136473
146.21765709510973 95.60915972832119
127.81005833716522 41.55295984723188
49.53284749486406 105.59480231875196
134.33702203136176 123.37345038436526
137.37715978644286 73.3168333439659
35.27486199283793 71.51368511365655
82.62262821208421 87.60223856481049
87.95747425493758 13.42730168390321
99.64998060379563 91.72961585223747
85.22776981368351 77.49833134771993
78.93222892040974 87.74320850070451
107.86995090393403 59.19054589464541
90.82742822144623 43.57734154122761
50.65103035340087 127.24804287998364
110.59090591118158 55.145811288956786
30.832790993054605 105.78912876064612
114.01809191181067 47.37580942126942
3.6574992724264455 111.30064239275394
146.76306418868177 51.7073057690641
118.73083037575385 57.51425415497099
87.34052250378177 59.03203644275054
129.75442527676077 49.85425025274884
8.064372097175143 49.248412638435276
103.42385995887122 83.2296223368447
108.93184510834898 24.197878855625206
123.26535106266813 123.7819204655327
117.33471929386342 99.51656386538434
142.09779011390614 119.06169628692423
104.15402031793113 67.43168138665779
42.62680103702395 68.28331116730367
136.67623900397635 76.43935253533594
24.297131362975232 78.56476177935052
62.553000114390855 22.227808803506665
16.646238263306774 6.62991071630773
40.990503247934555 133.8404109926787
80.04445439197224 33.11239412551096
94.38160432576188 73.55268774048214
131.1900617508788 129.70374982425193
37.01484208825071 116.74038092254244
74.28347276458193 77.94574367569001
93.58710649386097 30.360889310134887
88.95926062982178 126.21736203199629
101.24455804153425 120.27168053975083
131.36864727022584 137.6500288646792
32.78167620338145 90.13959383718394
126.70535024256799 68.74996626521376
85.73627051859668 3.129810442924036
131.74405408968786 64.18369549195762
79.86351223564314 56.298627830946295
126.94760463794978 60.47128580350732
25.026143655022825 7.036858404441443
120.74285004394713 76.4610411919138
137.57844471570758 18.104593794826542
109.33107769220108 62.74014983256449
29.028620525127252 145.79405866193932
96.33793967866931 8.048486770837654
69.83508515886209 121.97508867686594
37.21162905737914 116.85428074245368
87.49292123117985 3.538696242110828
136.07011171051727 131.0648474926538
6.26373094607588 144.55776655063588
74.391577342089 7.335869353996982
54.46672351013877 67.70008375874346
1.2292252463590891 138.10787081025666
75.15491045063011 45.73547942198542
93.96874705225683 107.88858757875072
120.51022765628035 74.85427532472677
45.56797201156118 143.75489472526917
126.11657042227199 18.72794979717073
91.909076927797 77.73989298793185
77.67050729207331 79.98472033271605
106.1131369826551 49.57394147472965
140.58644823094622 60.60363122054717
112.23823976035544 17.82570335594016
17.258099628107082 70.02221362837393
75.72124633202729 147.5891188490068
138.73412167325296 55.53436512488665
142.63974251086785 18.626756690977082
113.90007504840415 74.01925054108864
74.47228187163877 72.23479980015811
70.07075529522874 10.053574758672767
19.21052778607386 128.89401185450424
46.926606542394346 9.647994346112732
39.19109325898537 13.926670738510156
43.857050268702345 129.92757488022932
53.64016625861138 15.805744947960592
55.87320141599431 148.6157385679642
80.31945425319604 109.87804284655738
73.3972755502609 104.39600967482592
121.67979360897044 123.38710416133269
5.425474531918678 13.489057630879042
1.2238558842601166 69.91364461520996
56.43170673162531 39.23886015924769
58.16742842719352 127.96932456998593
146.1282955478208 72.51671595994429
86.39525304554594 91.63375877190677
1.196163316763671 28.483839484551606
51.489733683703044 141.33672209066748
4.920955357390105 6.23451467369795
104.90951998084402 38.2685526482251
135.6764019938347 26.49313094506421
44.03514645974854 103.72201693403534
102.38273762421322 102.01318952797868
147.77919259947976 98.49814891760195
34.81610779741185 97.1426395439258
96.92474104129035 131.656162388006
6.28699949507327 87.0310600475751
56.86264005624169 143.13072473973025
129.31024802924492 133.14550751932438
87.69869613712757 110.28876546224478
120.31025351206485 16.49222820012481
149.5984637923939 65.83889147263694
54.52463545832483 69.80806981526649
28.648138104991855 122.42847463919611
11.793237440788202 29.27300842742122
138.6516241492527 0.11451663775627341
117.68090915449228 4.493908861993207
16.88546356945406 1.992854789794607
125.53196414278898 12.910763454126844
98.72335844186114 21.54300043644711
125.42042553121588 145.63437735885887
130.80426417926992 25.39097671501552
46.1065565272857 56.34637011527389
35.9800059672055 7.0935944143048495
149.4718379999449 15.447975445075224
42.999885894818206 44.77749407502575
33.59474582678417 69.09532583121667
86.50764141292228 15.715342810365845
33.34012082751883 75.95138754850873
5.355402985252677 85.76723434097217
111.9388310738763 37.10662944106805
94.75485397133721 126.78607166711959
41.2330071545712 23.891063999328395
99.44054140872746 98.12828752916886
18.344378003582655 120.82107935933682
132.24436261346028 122.86127101084642
91.07602508272788 109.41932457204011
17.01757639865774 61.35833319035097
22.37589151054612 30.510355359197987
118.38114917546831 123.9751402417124
105.50314355080474 29.94148791068318
124.21326546470091 67.53781023860635
76.5810743857549 2.3748166776413946
54.44347955119716 99.20680607373036
54.54638901539874 62.19852589595298
30.348471275620305 62.067692508889486
86.3390892118922 103.71572619436508
28.159055706563535 133.35245215030918
87.93857256512888 56.1108915704966
114.41801244731747 40.072267317402094
25.886478167622883 26.208987632652924
121.49710734212239 92.74751166285404
61.58832100939461 111.26123536750877
131.80181581409178 1.7580915492545368
74.77825265638913 33.90853790970859
9.238582621446788 39.00535663279661
66.61485752616169 37.72582582998579
16.165126936588557 6.625957704374774
85.2534166514904 65.22191016421135
75.04270862961658 86.19975621997837
123.72833643626807 33.06297308136742
3.609232521123568 95.8568948004213
133.54239281593007 15.956745217867297
58.33930735185864 20.028346505646187
148.83891198093633 122.91786193961484
114.16464884821548 47.86816037752516
47.80824769630783 124.482592892527
110.97200925080215 23.446048299375054
79.39646158314517 116.69964502432553
30.565519035854845 61.99493162563739
121.92547120047232 54.66773807644098
105.4361911689455 54.04893852845768
95.45377437925264 62.561879403088795
12.354798483150265 49.205528537958244
79.85816417455813 107.4222984771303
48.477330912184705 74.44016266504971
9.949933351711682 119.28059358035497
81.09001086168732 94.22653396174412
