20 20 500
3 3 1
10 3 1
17 3 1
24 3 1
31 3 1
38 3 1
45 3 1
52 3 1
59 3 1
66 3 1
73 3 1
80 3 1
87 3 1
94 3 1
101 3 1
108 3 1
115 3 1
122 3 1
129 3 1
136 3 1
3 10 1
10 10 1
17 10 1
24 10 1
31 10 1
38 10 1
45 10 1
52 10 1
59 10 1
66 10 1
73 10 1
80 10 1
87 10 1
94 10 1
101 10 1
108 10 1
115 10 1
122 10 1
129 10 1
136 10 1
3 17 1
10 17 1
17 17 1
24 17 1
31 17 1
38 17 1
45 17 1
52 17 1
59 17 1
66 17 1
73 17 1
80 17 1
87 17 1
94 17 1
101 17 1
108 17 1
115 17 1
122 17 1
129 17 1
136 17 1
3 24 1
10 24 1
17 24 1
24 24 1
31 24 1
38 24 1
45 24 1
52 24 1
59 24 1
66 24 1
73 24 1
80 24 1
87 24 1
94 24 1
101 24 1
108 24 1
115 24 1
122 24 1
129 24 1
136 24 1
3 31 1
10 31 1
17 31 1
24 31 1
31 31 1
38 31 1
45 31 1
52 31 1
59 31 1
66 31 1
73 31 1
80 31 1
87 31 1
94 31 1
101 31 1
108 31 1
115 31 1
122 31 1
129 31 1
136 31 1
3 38 1
10 38 1
17 38 1
24 38 1
31 38 1
38 38 1
45 38 1
52 38 1
59 38 1
66 38 1
73 38 1
80 38 1
87 38 1
94 38 1
101 38 1
108 38 1
115 38 1
122 38 1
129 38 1
136 38 1
3 45 1
10 45 1
17 45 1
24 45 1
31 45 1
38 45 1
45 45 1
52 45 1
59 45 1
66 45 1
73 45 1
80 45 1
87 45 1
94 45 1
101 45 1
108 45 1
115 45 1
122 45 1
129 45 1
136 45 1
3 52 1
10 52 1
17 52 1
24 52 1
31 52 1
38 52 1
45 52 1
52 52 1
59 52 1
66 52 1
73 52 1
80 52 1
87 52 1
94 52 1
101 52 1
108 52 1
115 52 1
122 52 1
129 52 1
136 52 1
3 59 1
10 59 1
17 59 1
24 59 1
31 59 1
38 59 1
45 59 1
52 59 1
59 59 1
66 59 1
73 59 1
80 59 1
87 59 1
94 59 1
101 59 1
108 59 1
115 59 1
122 59 1
129 59 1
136 59 1
3 66 1
10 66 1
17 66 1
24 66 1
31 66 1
38 66 1
45 66 1
52 66 1
59 66 1
66 66 1
73 66 1
80 66 1
87 66 1
94 66 1
101 66 1
108 66 1
115 66 1
122 66 1
129 66 1
136 66 1
3 73 1
10 73 1
17 73 1
24 73 1
31 73 1
38 73 1
45 73 1
52 73 1
59 73 1
66 73 1
73 73 1
80 73 1
87 73 1
94 73 1
101 73 1
108 73 1
115 73 1
122 73 1
129 73 1
136 73 1
3 80 1
10 80 1
17 80 1
24 80 1
31 80 1
38 80 1
45 80 1
52 80 1
59 80 1
66 80 1
73 80 1
80 80 1
87 80 1
94 80 1
101 80 1
108 80 1
115 80 1
122 80 1
129 80 1
136 80 1
3 87 1
10 87 1
17 87 1
24 87 1
31 87 1
38 87 1
45 87 1
52 87 1
59 87 1
66 87 1
73 87 1
80 87 1
87 87 1
94 87 1
101 87 1
108 87 1
115 87 1
122 87 1
129 87 1
136 87 1
3 94 1
10 94 1
17 94 1
24 94 1
31 94 1
38 94 1
45 94 1
52 94 1
59 94 1
66 94 1
73 94 1
80 94 1
87 94 1
94 94 1
101 94 1
108 94 1
115 94 1
122 94 1
129 94 1
136 94 1
3 101 1
10 101 1
17 101 1
24 101 1
31 101 1
38 101 1
45 101 1
52 101 1
59 101 1
66 101 1
73 101 1
80 101 1
87 101 1
94 101 1
101 101 1
108 101 1
115 101 1
122 101 1
129 101 1
136 101 1
3 108 1
10 108 1
17 108 1
24 108 1
31 108 1
38 108 1
45 108 1
52 108 1
59 108 1
66 108 1
73 108 1
80 108 1
87 108 1
94 108 1
101 108 1
108 108 1
115 108 1
122 108 1
129 108 1
136 108 1
3 115 1
10 115 1
17 115 1
24 115 1
31 115 1
38 115 1
45 115 1
52 115 1
59 115 1
66 115 1
73 115 1
80 115 1
87 115 1
94 115 1
101 115 1
108 115 1
115 115 1
122 115 1
129 115 1
136 115 1
3 122 1
10 122 1
17 122 1
24 122 1
31 122 1
38 122 1
45 122 1
52 122 1
59 122 1
66 122 1
73 122 1
80 122 1
87 122 1
94 122 1
101 122 1
108 122 1
115 122 1
122 122 1
129 122 1
136 122 1
3 129 1
10 129 1
17 129 1
24 129 1
31 129 1
38 129 1
45 129 1
52 129 1
59 129 1
66 129 1
73 129 1
80 129 1
87 129 1
94 129 1
101 129 1
108 129 1
115 129 1
122 129 1
129 129 1
136 129 1
3 136 1
10 136 1
17 136 1
24 136 1
31 136 1
38 136 1
45 136 1
52 136 1
59 136 1
66 136 1
73 136 1
80 136 1
87 136 1
94 136 1
101 136 1
108 136 1
115 136 1
122 136 1
129 136 1
136 136 1
143.74716102619007 52.67000966188229
10.901806852013806 57.96486592678674
117.8996515137345 3.2768549497439126
105.80370021163951 128.357602634102
65.40193861096587 135.65381048419147
16.250718932210575 139.37755416927232
3.707296954439859 74.49985091437541
19.07124205877731 63.96347157865419
56.03368459498693 137.54811891238427
47.835723608506974 96.42090542132023
70.83355066335213 115.77274291022786
70.65022859353311 34.281576543748855
46.11321558664452 123.28992941938594
79.30365840304954 18.524339980570666
91.2981302805461 52.92938685629374
81.76020333558874 44.452406772794276
115.02395409027339 116.1618421992949
25.775006139501834 35.77061820883703
21.055534950038897 94.9183894241011
63.38194039210548 95.49648433546089
110.49371375026145 65.11585209706027
32.50161758349778 109.28006693309277
148.36295161057538 144.87422565751731
2.3794646710374625 55.9926043694182
68.98916984651083 16.11773346294743
78.23220383951168 107.77071559899113
90.63037585903362 119.77832525514157
88.52077490962765 66.688443614596
46.43642047933405 72.20129625133495
131.07686858118996 127.05980648094358
149.4753285912498 139.94626078811677
21.894485800606688 46.37900248009566
138.18402922831496 72.94101750807172
6.612682382270075 134.7896963228679
148.46906347137096 97.16128858775816
101.77261898530203 89.88262609237647
38.05990501147691 67.79521481498682
47.0805318854039 68.88482684833718
59.54697978263425 122.14095773171016
149.28121690529636 27.40896585956989
120.50793522815222 54.366418463042585
120.3825530064479 21.85674214443732
143.58179367130253 101.6611708969465
67.88881774188378 42.010263637177545
31.612609396989583 109.51380305380984
54.02936147613566 73.46982406149523
120.92902935122282 21.59495016803783
146.30647151849865 94.50945028455648
102.05675240229468 57.420861678093566
109.11991967997236 21.385443432879807
112.42538937676521 120.58466244607241
10.6312856797607 70.10030946001754
137.2420523881701 68.59955493339359
20.940601748871558 71.94972150043294
9.045651661746485 17.61698424322857
47.51228552538951 134.55099126419952
35.990115210715665 57.886645098930735
68.30627102933151 5.358360500930487
48.30954262217786 28.102223902815588
116.56130277289797 40.727433873879015
19.31932478007618 125.93694576805163
44.26664389517777 106.22166540566948
8.374595050202666 122.07565101629486
59.46904853539934 47.29245774376834
148.36930626569745 108.81990563071236
66.86109371749887 49.170527441934695
105.31527812277928 19.062537986263383
140.82925922076652 58.79991044214156
120.60387160486611 93.39052445088267
20.35867789825018 37.14241813661832
8.683214041489279 137.68554484797033
29.989717582995095 62.10272408907312
64.81951706833715 130.06174899992087
24.977254769155564 33.32617225103181
114.46118015671988 95.93874121008642
143.2635512918283 123.02733617004463
85.37267906775901 27.45823730183116
15.732042409219282 6.864139891775184
54.39695256329865 82.43613851205258
60.87940522141214 59.835844118932656
51.33004234637212 55.403699901492544
96.28752634238108 105.83207569880241
68.01815960578405 86.02151537126745
97.44220611470104 31.00750488846235
9.496813760248429 15.82420508223904
18.599896620839818 12.09654637345417
18.760057860411212 5.505923901962062
85.86573557907278 3.322002959456011
117.11280759789602 8.47740055943973
39.71297659871084 10.044375409051648
67.1539522874938 20.905079255839986
86.29043037977756 7.953479052913415
27.012049879063316 99.22215832772997
97.54669551344931 21.196347684677804
119.17345654437464 55.454474138313955
48.46336505428302 148.3651567923731
110.12291258822052 97.10683765302137
131.0669597329927 77.88554833619773
18.828793608317273 149.9100999035849
132.86969585793977 85.47706772049995
129.7486270016583 20.20091049396793
2.9968232508763126 53.52848638728745
5.223052683039475 4.154008051938152
94.27020173645559 16.353136882502067
27.559833802141053 80.53155901035008
131.44759446077802 36.58869057968502
49.620913431726535 84.51323581706956
18.11315602142645 140.7563481209359
73.77520500839505 1.5736813229273061
95.55626869126232 111.1864833471941
138.03184869881696 143.4778752839794
99.7246666366836 54.667541010616226
145.5307214588732 117.79731395563645
81.17845578817605 70.576702630154
89.84011346371169 16.23692206407471
117.6692983868868 137.319081740693
65.38684590627598 136.18864801120233
104.81895982043602 136.71149275916034
95.25405808503164 149.86746204641582
98.50037771828352 101.05638743375937
52.32392673277031 90.04704452835722
24.94452165558567 71.3074185948255
41.98818910229005 89.94851662550231
72.30802306832935 106.65663492201685
43.411911197102896 12.510445778703255
128.39110275237755 144.11050131498496
70.91633770292815 133.0752188649737
81.08823249083753 9.346026967835124
1.5443293146415127 114.97403242990988
127.09122093950113 105.3113081890754
56.83657663916061 3.2478477691638585
38.59216116449686 0.11929576209935844
77.0346931182208 56.59731643394675
100.72367341333748 74.04439539235301
61.64503592956749 142.87396996034212
49.2273595925631 101.22870865567863
121.85882492632237 82.31642281334584
21.87177263332488 98.60028051704795
119.84920044620341 95.38021109514682
7.114734264033151 20.774057164661343
141.6034510942431 49.31913653545482
111.82346709544727 99.26035833561222
61.32784851911096 108.03629318297028
79.80070301868557 128.6573763629104
107.43549664031325 46.00640286762215
114.46180525400707 7.270882687065205
133.57307738062042 110.41462762211826
17.638157484305772 51.12206913938849
20.165802179642924 128.4192800828584
125.86651940700396 140.07324484384523
118.21172852404496 82.75347614547867
104.43358404390649 68.38838875529159
78.02222835945408 89.39132735070676
123.42575611855399 134.45537425581367
69.62835896316292 132.6715689851868
64.59861249682018 139.67667335573427
15.054332163278467 62.432628163520164
57.04133273299824 126.99776994045155
55.46243888894542 29.770536475096698
30.89344059240804 63.57427626719256
135.7296222121279 5.569372604034389
68.7728358573707 128.70806654041888
16.319081500102577 60.919806532468904
87.84725488378969 32.471984228540066
112.98944530625361 106.62309475835092
94.32912057340546 133.360195888965
114.97605316287007 126.42517019208339
97.48136599603377 108.08616107400248
48.019265212010204 58.99434122240607
35.12605261089889 54.1168924803868
46.294278359906 106.02205653789106
45.554499859380506 148.00577570544613
18.07608932217935 148.8291980656281
21.105100195152083 12.852599726262948
7.491586124390337 86.49163572719819
83.04188259230574 38.43405144999023
55.214520076065504 126.00584291744086
59.74168768476121 111.95836894714253
37.430258503189414 91.41073604578128
1.6950804812018994 81.60924241979632
144.8230904406395 141.2381427648814
129.15025621392806 133.55393405449823
56.314699454609205 1.5364793426127066
146.28941057286872 124.5854826641807
110.27151644052952 11.529741410928606
20.53535625660362 75.7606297312392
26.425832037425312 26.863601540479152
137.7190780117035 102.46043655164681
96.03219914277527 104.09048542578013
25.76211816654314 69.33694417419433
138.854673901202 22.72432270324853
0.741677795819562 9.624462889809932
29.47311519867477 121.9783226951837
70.03916306417146 17.08639201615936
48.63713929953744 111.0589719564431
127.34158673808706 106.19877209583467
77.93397271717105 55.221958830865795
117.97743604766592 143.11712341524634
52.8564164243456 27.065324235984793
106.27159932006347 73.53643497644785
57.391734313065534 90.79050859814586
131.42364925568552 52.02093522866924
108.02132812660932 47.56670755198528
22.315823993136814 115.56032483720227
90.3214633531195 78.33829226735104
85.76376536344189 81.02864258606493
89.53857387249975 66.06893904518023
15.553327664945515 61.15402854359246
114.70119132788855 38.28717816655795
74.9486916154444 50.706085855697005
95.59754770033257 122.7676550054407
135.92895991826344 120.45356821161482
111.24883200547627 3.6960622228862094
8.740350051691436 30.994451224872442
64.11127359360843 105.36312394717875
87.50677150437608 103.72213347585657
107.57046112354594 1.9501878301131148
39.4931461774184 4.647948182805505
109.22248010610308 20.318125315035694
122.91492476252877 1.3685879972209825
98.95458511996681 109.46155844283449
16.689561434723082 143.4654962015886
45.69938283538493 30.700967463646993
70.44482228424074 88.1911723129181
51.43220318441723 143.82683313836384
112.28464810339445 46.03690068582452
70.52734818186858 46.75001559743433
95.83616700227758 122.59318021320297
85.68595980194983 85.83740626273207
119.06407288645546 43.90919976735991
105.21216439577893 58.61662997663644
50.40755297169856 56.39143908022322
103.1503186900755 58.987420409833405
43.33805780478598 131.9512999846227
67.40667405264139 122.254486579922
70.50418555325777 89.72778780336192
131.61055565030907 14.42163313343433
13.36532498120997 81.16512496854861
136.06370996730132 0.19558320130852458
32.71888657617494 101.54660501867751
1.5699803545096425 31.37235151083866
29.368958832645216 88.30857440887262
138.09408794570209 98.24464991100211
29.99163410264248 38.78865893468148
98.33874025604231 107.23522408089048
141.83237448662916 112.60637021501006
132.68597193738785 149.47600519881925
51.998050111672164 134.7920129039581
0.48845922220875915 74.83286013250408
40.716212378452425 87.54422602954853
84.16573166775656 50.68403578692518
26.855457489733205 83.97907879467009
99.84257714133375 18.40187520557326
109.10686192925097 15.027247160465468
108.67169651176953 73.43286762125018
27.727294944189296 76.37813061575123
51.66091501427674 50.773710657360915
130.6258774511476 82.55388627537558
17.029139383751208 78.54086730376977
116.29970006313708 8.672400737332126
67.07294980874994 71.81166266449738
14.704165242238016 134.1921616736745
84.71725939839695 119.90536266445253
110.83716509013951 6.634588878178232
46.16793833739523 7.267233513685767
72.67289132471244 8.259205275223087
97.80713660506365 39.477526884839
116.3071552501047 60.95514459442676
72.58931730296972 25.302544606191336
85.76759384831325 59.22236819352097
18.929185779772173 47.990578970806844
95.55826972653031 130.7829258473417
139.43086085581368 113.22829836444204
138.24848447481577 70.61263667233193
48.31056113916857 138.46973369658366
22.028344813332694 141.27705971503394
136.91705912194647 36.21467538813615
138.72081150264773 142.8162412232357
93.07729117324199 63.53985939402851
138.62046824319168 147.56788117704943
120.97021849029433 38.72136839373349
2.978796215316404 11.373294749276186
8.743113614034204 43.18200945507481
25.74551555822954 96.05715828554146
59.35159583927252 39.73919227186145
134.39181462244886 81.51859652811298
62.92976278723908 98.84622563731224
53.60500019839579 2.9582391632149427
41.19440310369901 65.25042733700751
125.04085454864703 100.92128554536932
30.441172158252307 61.666269821258645
124.51917970361133 0.9903039830896743
36.95782259922578 82.83525626100143
130.12164383152208 18.28147841144948
11.046283055794575 73.19351171489356
121.7351241245977 2.5080245835159163
111.46418138353766 20.162137822821514
118.0055336160361 108.8386027660953
37.77087894086383 125.1027177541315
100.0193118739254 74.07033320110342
118.5931520953606 126.3735073206372
9.630165829933224 24.744586939867872
71.00959370577414 18.394033732893128
76.13344030750217 23.023093221394287
124.20852883939934 86.73692294950115
60.5489264586228 132.61529132460512
18.351561198766593 47.60356387089493
68.21817630075519 24.487745201660445
104.65721238108218 116.89218290875964
114.45111968922465 148.10129985110365
127.0919131815142 85.32752134861019
14.832708886985458 71.65288094615802
132.95887590424329 12.36360655358107
15.152247448021383 23.20708514048913
144.89965135573638 117.70732638605323
50.885608364759925 23.753705166822186
55.03553005037642 147.17180976271604
135.573334057448 116.23130082949072
138.99429771069694 103.28767842425174
141.72693059167193 74.1574266560024
31.92682691942201 0.8648968030179449
138.37116503219798 72.66417076136473
146.21765709510973 95.60915972832119
127.81005833716522 41.55295984723188
49.53284749486406 105.59480231875196
134.33702203136176 123.37345038436526
137.37715978644286 73.3168333439659
35.27486199283793 71.51368511365655
82.62262821208421 87.60223856481049
87.95747425493758 13.42730168390321
99.64998060379563 91.72961585223747
85.22776981368351 77.49833134771993
78.93222892040974 87.74320850070451
107.86995090393403 59.19054589464541
90.82742822144623 43.57734154122761
50.65103035340087 127.24804287998364
110.59090591118158 55.145811288956786
30.832790993054605 105.78912876064612
114.01809191181067 47.37580942126942
3.6574992724264455 111.30064239275394
146.76306418868177 51.7073057690641
118.73083037575385 57.51425415497099
87.34052250378177 59.03203644275054
129.75442527676077 49.85425025274884
8.064372097175143 49.248412638435276
103.42385995887122 83.2296223368447
108.93184510834898 24.197878855625206
123.26535106266813 123.7819204655327
117.33471929386342 99.51656386538434
142.09779011390614 119.06169628692423
104.15402031793113 67.43168138665779
42.62680103702395 68.28331116730367
136.67623900397635 76.43935253533594
24.297131362975232 78.56476177935052
62.553000114390855 22.227808803506665
16.646238263306774 6.62991071630773
40.990503247934555 133.8404109926787
80.04445439197224 33.11239412551096
94.38160432576188 73.55268774048214
131.1900617508788 129.70374982425193
37.01484208825071 116.74038092254244
74.28347276458193 77.94574367569001
93.58710649386097 30.360889310134887
88.95926062982178 126.21736203199629
101.24455804153425 120.27168053975083
131.36864727022584 137.6500288646792
32.78167620338145 90.13959383718394
126.70535024256799 68.74996626521376
85.73627051859668 3.129810442924036
131.74405408968786 64.18369549195762
79.86351223564314 56.298627830946295
126.94760463794978 60.47128580350732
25.026143655022825 7.036858404441443
120.74285004394713 76.4610411919138
137.57844471570758 18.104593794826542
109.33107769220108 62.74014983256449
29.028620525127252 145.79405866193932
96.33793967866931 8.048486770837654
69.83508515886209 121.97508867686594
37.21162905737914 116.85428074245368
87.49292123117985 3.538696242110828
136.07011171051727 131.0648474926538
6.26373094607588 144.55776655063588
74.391577342089 7.335869353996982
54.46672351013877 67.70008375874346
1.2292252463590891 138.10787081025666
75.15491045063011 45.73547942198542
93.96874705225683 107.88858757875072
120.51022765628035 74.85427532472677
45.56797201156118 143.75489472526917
126.11657042227199 18.72794979717073
91.909076927797 77.73989298793185
77.67050729207331 79.98472033271605
106.1131369826551 49.57394147472965
140.58644823094622 60.60363122054717
112.23823976035544 17.82570335594016
17.258099628107082 70.02221362837393
75.72124633202729 147.5891188490068
138.73412167325296 55.53436512488665
142.63974251086785 18.626756690977082
113.90007504840415 74.01925054108864
74.47228187163877 72.23479980015811
70.07075529522874 10.053574758672767
19.21052778607386 128.89401185450424
46.926606542394346 9.647994346112732
39.19109325898537 13.926670738510156
43.857050268702345 129.92757488022932
53.64016625861138 15.805744947960592
55.87320141599431 148.6157385679642
80.31945425319604 109.87804284655738
73.3972755502609 104.39600967482592
121.67979360897044 123.38710416133269
5.425474531918678 13.489057630879042
1.2238558842601166 69.91364461520996
56.43170673162531 39.23886015924769
58.16742842719352 127.96932456998593
146.1282955478208 72.51671595994429
86.39525304554594 91.63375877190677
1.196163316763671 28.483839484551606
51.489733683703044 141.33672209066748
4.920955357390105 6.23451467369795
104.90951998084402 38.2685526482251
135.6764019938347 26.49313094506421
44.03514645974854 103.72201693403534
102.38273762421322 102.01318952797868
147.77919259947976 98.49814891760195
34.81610779741185 97.1426395439258
96.92474104129035 131.656162388006
6.28699949507327 87.0310600475751
56.86264005624169 143.13072473973025
129.31024802924492 133.14550751932438
87.69869613712757 110.28876546224478
120.31025351206485 16.49222820012481
149.5984637923939 65.83889147263694
54.52463545832483 69.80806981526649
28.648138104991855 122.42847463919611
11.793237440788202 29.27300842742122
138.6516241492527 0.11451663775627341
117.68090915449228 4.493908861993207
16.88546356945406 1.992854789794607
125.53196414278898 12.910763454126844
98.72335844186114 21.54300043644711
125.42042553121588 145.63437735885887
130.80426417926992 25.39097671501552
46.1065565272857 56.34637011527389
35.9800059672055 7.0935944143048495
149.4718379999449 15.447975445075224
42.999885894818206 44.77749407502575
33.59474582678417 69.09532583121667
86.50764141292228 15.715342810365845
33.34012082751883 75.95138754850873
5.355402985252677 85.76723434097217
111.9388310738763 37.10662944106805
94.75485397133721 126.78607166711959
41.2330071545712 23.891063999328395
99.44054140872746 98.12828752916886
18.344378003582655 120.82107935933682
132.24436261346028 122.86127101084642
91.07602508272788 109.41932457204011
17.01757639865774 61.35833319035097
22.37589151054612 30.510355359197987
118.38114917546831 123.9751402417124
105.50314355080474 29.94148791068318
124.21326546470091 67.53781023860635
76.5810743857549 2.3748166776413946
54.44347955119716 99.20680607373036
54.54638901539874 62.19852589595298
30.348471275620305 62.067692508889486
86.3390892118922 103.71572619436508
28.159055706563535 133.35245215030918
87.93857256512888 56.1108915704966
114.41801244731747 40.072267317402094
25.886478167622883 26.208987632652924
121.49710734212239 92.74751166285404
61.58832100939461 111.26123536750877
131.80181581409178 1.7580915492545368
74.77825265638913 33.90853790970859
9.238582621446788 39.00535663279661
66.61485752616169 37.72582582998579
16.165126936588557 6.625957704374774
85.2534166514904 65.22191016421135
75.04270862961658 86.19975621997837
123.72833643626807 33.06297308136742
3.609232521123568 95.8568948004213
133.54239281593007 15.956745217867297
58.33930735185864 20.028346505646187
148.83891198093633 122.91786193961484
114.16464884821548 47.86816037752516
47.80824769630783 124.482592892527
110.97200925080215 23.446048299375054
79.39646158314517 116.69964502432553
30.565519035854845 61.99493162563739
121.92547120047232 54.66773807644098
105.4361911689455 54.04893852845768
95.45377437925264 62.561879403088795
12.354798483150265 49.205528537958244
79.85816417455813 107.4222984771303
48.477330912184705 74.44016266504971
9.949933351711682 119.28059358035497
81.09001086168732 94.22653396174412
