10 10 200
5 5 1
15 5 1
25 5 1
35 5 1
45 5 1
55 5 1
65 5 1
75 5 1
85 5 1
95 5 1
5 15 1
15 15 1
25 15 1
35 15 1
45 15 1
55 15 1
65 15 1
75 15 1
85 15 1
95 15 1
5 25 1
15 25 1
25 25 1
35 25 1
45 25 1
55 25 1
65 25 1
75 25 1
85 25 1
95 25 1
5 35 1
15 35 1
25 35 1
35 35 1
45 35 1
55 35 1
65 35 1
75 35 1
85 35 1
95 35 1
5 45 1
15 45 1
25 45 1
35 45 1
45 45 1
55 45 1
65 45 1
75 45 1
85 45 1
95 45 1
5 55 1
15 55 1
25 55 1
35 55 1
45 55 1
55 55 1
65 55 1
75 55 1
85 55 1
95 55 1
5 65 1
15 65 1
25 65 1
35 65 1
45 65 1
55 65 1
65 65 1
75 65 1
85 65 1
95 65 1
5 75 1
15 75 1
25 75 1
35 75 1
45 75 1
55 75 1
65 75 1
75 75 1
85 75 1
95 75 1
5 85 1
15 85 1
25 85 1
35 85 1
45 85 1
55 85 1
65 85 1
75 85 1
85 85 1
95 85 1
5 95 1
15 95 1
25 95 1
35 95 1
45 95 1
55 95 1
65 95 1
75 95 1
85 95 1
95 95 1
11.021132888530637 13.938632740697276
87.3234889125626 17.95100734273354
71.99564037688101 44.06984679938042
46.51055385507266 57.824787155697244
65.82299821748965 14.178313387462326
86.11203197841003 6.417711942556648
76.42165252995048 60.62209575922278
32.564850994200235 94.70675318688377
70.98111040795936 34.34815910328933
89.95362145255955 81.74216811509555
8.095976994332466 12.521795888609788
48.86950345573165 62.876104065833395
75.33192368116909 99.14019484434931
89.2981964397794 34.367453244466375
61.7154668951047 50.32426931330583
63.594212769682656 17.79928677730338
33.15549629630554 54.61896323683071
89.61478700073174 96.27578885705393
95.59685960434042 61.36863703387242
9.621578393643759 99.64395355269694
61.57457564488298 48.6468208165755
57.62059760409031 46.58443198328164
71.96506006652807 97.2036214856485
58.92331179152836 57.29939947859385
81.56922040224399 17.464723448914143
52.23008783033679 21.326586321893792
24.667776650659622 99.89315661469573
38.780886094591416 54.69651270161309
31.045356890966257 43.278791222148904
78.4923041625931 46.49429125145096
49.115471745563156 79.34537559702451
53.547920059479324 99.83871384052561
58.41025276704781 45.95249215635431
29.976326095450233 64.04404093480964
92.60033783191213 5.447076185649102
74.66748017428961 18.193258732163287
39.644397944483764 7.34789527032611
69.37208112873142 73.76283480802356
38.5766784473467 32.142034669639926
53.71095859190211 40.693364231622006
38.751757996521064 25.27716606226945
71.33006886519755 96.19540692928736
22.87843832895374 68.13819000974509
42.07435566051599 38.59185742387166
89.83157993773654 83.67472707733494
87.1450755500202 16.026946945490717
42.71927837488554 36.62597721172658
46.83559869505325 60.784939826652696
17.11661055540685 47.427338662039055
46.5947566676902 11.03154531990751
5.340894925726691 66.98592163474385
17.46208233009401 47.318710466935144
73.73675699404502 31.861571340851892
54.168942842417735 98.70503750145451
52.628337559489204 8.826617807212955
81.98847786881153 20.676372773161244
57.994298410568646 10.85475196089698
37.232141761375956 48.858298740194215
29.65714902214134 57.64719436111291
15.129789877516808 39.72879091306947
55.002373094693056 57.797656615202484
66.74735184925673 45.476022305254084
83.14381489790858 81.78618859549152
47.18242569014113 32.536424069519995
46.98799348570798 33.633967617917925
56.26493071706582 96.57787693514412
32.569256392403446 85.1012910955707
73.7133155922599 15.756149994369629
33.891180329868796 80.38191047984508
52.13947181242556 71.9603695349942
16.396088467899016 95.5026165221752
7.0536893969337715 0.06871500859091384
63.661976150629364 87.04571685818159
36.680987194028994 75.91879646978853
50.98953898760092 18.07657646448527
10.912787719412675 65.79158677631905
63.96166993753825 15.150055486923264
55.42937120173706 0.6129435159441865
59.053926248589846 56.81276417799391
63.01499916507689 85.13437251558588
4.393700863816208 29.20100899483976
87.5130729289155 43.7700987376767
37.129772514249005 44.71509907220763
11.97809065131562 47.706564585719455
97.60046469511707 67.10306095594481
68.25408098116583 0.40918315720769316
58.96527181441641 45.132435785020164
20.08351479005215 64.20630978938203
34.56479758733445 51.75986441440722
83.29624232386276 13.296752300912118
26.70165648469117 28.383308031595554
29.78390384279819 70.69042228408142
5.4968102553695335 26.605071968221328
7.966426120584158 54.32207660057726
37.36855718257874 5.742247271840972
7.428315011577469 37.367124887879235
99.85269775973327 5.915818479360424
41.82489021771744 62.48815708394437
65.67337859275243 45.68177083848034
21.517029870453484 33.462761047745296
39.53209123517928 43.312943493888326
71.54972690916914 1.204890227672617
69.74210503809066 19.009152981715292
69.52232312032838 76.86338908647049
5.001317496792746 89.44444431573669
86.2208817334952 6.342240281935119
62.24586277069698 99.18663448104068
97.17848668397905 32.33235102884024
20.926672997674245 9.08396598524791
98.3492790737346 91.51439982536212
18.409820097372442 56.78077333149256
41.922421424985586 92.60131987903365
22.828045935343532 95.64656376821486
17.821963028147337 18.21017268375439
13.241762179870232 67.7203802017291
4.4794051731291695 39.78106138203249
27.79365050216489 55.711671114378916
25.86183666902847 70.14600872407452
70.1176754936137 13.287973250695462
51.872455965190134 84.52210141644346
37.56435147613083 60.121808940193844
51.81315253746123 0.6060949246561975
30.49445203378891 16.273275796448672
77.02343758703502 46.2133641682098
74.12374940333432 76.9145090465861
37.43743086053005 25.72929910286407
54.28141225960474 52.05655105806204
84.06177477583087 92.62036043221005
83.27300999177312 21.658882849876715
19.874198117300622 43.724037857575084
27.34417479174627 93.25980449086197
48.735100217269036 0.2209222102984021
26.18454610941002 24.34961252921606
32.820385722406456 56.98300065479348
15.939851580588337 90.36362398137825
89.78560820875153 9.387709138495525
61.370130903633545 12.597953719292864
49.05898054968005 15.802896878512286
25.77043319472495 96.06928927503333
44.21339762111042 34.9147969966889
17.21764617034818 44.25992984528844
61.15936938760685 70.51273147184011
75.48275172662593 51.432876274898376
0.9932515098304284 26.18890225399427
15.104229746133147 89.36325472490732
12.150151035016721 6.717795506321478
24.66188812522625 62.312337042041946
9.979085585439728 50.843664455652984
54.06695868921291 17.96056515148531
67.646374774907 89.67058582141732
82.59375664529799 41.47181391004906
92.08601419060109 66.74405838429558
77.56144023762106 32.71896585559668
37.54280591820679 93.86582747151154
64.77828904975735 28.57001166380362
21.85119607333288 54.08434074242729
1.3558762979693384 19.794155175069015
41.50072021240349 35.68747922838191
14.738519288298434 38.037859818493594
31.46353476390861 22.983369547703003
44.99975296963973 86.91906485067126
40.02721827556649 78.55179371477024
12.792200148836486 91.63823360904728
55.7850244289543 36.73946637592902
30.41169351687598 40.20439850391423
23.50049452444165 9.661824784539352
0.007995973135288548 70.12548835598211
81.83168860428685 28.527229564996915
0.3749758279462667 82.74751374688438
99.31362957402904 53.904494198857186
25.388678234732108 76.74117911146013
34.949266778394176 26.21539149839929
57.07106185017404 81.03735228324211
31.34382342769473 26.811623783931783
44.637820671893294 52.80421833611575
96.36086594766685 34.60334473665837
47.52169216554516 87.88775004968446
87.26233063039113 13.391003829171765
54.782226681844726 28.795049598286028
3.7339511884642795 7.005152137178705
62.06105443633317 3.9142791418181333
6.372368322572541 62.52390691408133
26.944287661746525 44.85986118434047
58.801862370856405 38.849382047622015
1.3123244144442991 78.84843644467342
6.363267546561502 58.48066440034301
44.363984418695445 72.31372355183623
32.712966288569504 70.84745080708801
49.41823662805776 34.655777329900104
26.984536769913735 33.80140966635552
1.806084769628713 58.23571853888134
81.83879627951755 45.303604720983536
75.33691439810599 97.29308545311028
12.704939800208525 92.74614985421645
70.63539517175717 22.424077755813354
95.35983662333231 62.554934831956786
88.8322484897248 19.58917739222501
37.04737367067615 71.67371341162053
8.482629727274704 38.702130921954655
78.75284710710969 90.65522831002185
