10 10 300
7 7 1
22 7 1
37 7 1
52 7 1
67 7 1
82 7 1
97 7 1
112 7 1
127 7 1
142 7 1
7 22 1
22 22 1
37 22 1
52 22 1
67 22 1
82 22 1
97 22 1
112 22 1
127 22 1
142 22 1
7 37 1
22 37 1
37 37 1
52 37 1
67 37 1
82 37 1
97 37 1
112 37 1
127 37 1
142 37 1
7 52 1
22 52 1
37 52 1
52 52 1
67 52 1
82 52 1
97 52 1
112 52 1
127 52 1
142 52 1
7 67 1
22 67 1
37 67 1
52 67 1
67 67 1
82 67 1
97 67 1
112 67 1
127 67 1
142 67 1
7 82 1
22 82 1
37 82 1
52 82 1
67 82 1
82 82 1
97 82 1
112 82 1
127 82 1
142 82 1
7 97 1
22 97 1
37 97 1
52 97 1
67 97 1
82 97 1
97 97 1
112 97 1
127 97 1
142 97 1
7 112 1
22 112 1
37 112 1
52 112 1
67 112 1
82 112 1
97 112 1
112 112 1
127 112 1
142 112 1
7 127 1
22 127 1
37 127 1
52 127 1
67 127 1
82 127 1
97 127 1
112 127 1
127 127 1
142 127 1
7 142 1
22 142 1
37 142 1
52 142 1
67 142 1
82 142 1
97 142 1
112 142 1
127 142 1
142 142 1
2.0810233703214887 16.926598574233537
98.0801176049345 89.95136829267547
17.834659792786084 140.071620454229
30.92400641073198 49.959332520746706
145.1414878929784 107.3725728470891
51.04871664402453 124.51796927404347
84.96815738097679 130.24388846854822
97.92110931233769 71.33746478443858
66.14575377334455 34.09342210790621
35.506366183655494 13.086508795900025
55.00991186428611 56.48131398228515
13.891896557386707 65.66824664221372
95.33170508683865 68.97442507883353
26.141878821264818 55.763776598003446
103.33509216280537 121.73962118527108
31.539092474634916 64.08726693969888
1.4289830392962444 123.27913139507932
53.88712565366814 75.97179612866866
29.196467871127446 22.231571976493207
123.4455109209535 141.49179599293842
108.06300375688818 67.25961202037949
51.0677321054457 42.184432462210154
139.44506571638215 9.188866544604862
133.80785776628574 62.80805142676776
102.59533683134379 65.44911448433648
101.98062550341022 115.26413674522269
137.60799035062507 29.07844673315242
9.168598141496426 134.21772271259408
15.643593333428518 91.40926391498986
107.1140776592403 82.33822881156144
36.25215530430847 115.79548636394172
92.7248069121786 25.888261270260543
0.7868204552878455 89.32351420071097
9.003560916039778 105.17910577068395
59.54586888608001 121.3094637955194
29.6445610560246 92.79768646299921
144.44055932895947 12.50165460186431
55.09155509803008 46.29167553370398
19.307164044547363 61.337278371153765
71.77751444814092 133.53256252348393
12.869408865005028 112.48455060568412
55.884482503717884 13.852454928970465
71.78147335699609 15.871741108472664
98.21788017657482 72.84844361969786
54.092144864163046 38.732419587141145
12.61864612321303 2.8206759344022556
126.21764539882318 56.92003030930178
64.72177667745488 42.333465408883384
110.89123312908444 43.81836203308054
140.83083558557703 110.99668265163223
126.83610104820208 139.4399086860199
0.2992101216890086 142.38237973859344
69.40654317291359 76.93871672608842
38.41173969897476 123.04545335028986
11.449165683162121 122.3988668589291
29.995048939745434 99.78539043606773
114.04785362829546 145.6909775170334
81.04166938791163 93.04230509056204
7.266966508039873 83.27111548308773
72.22158489934523 111.03034287490928
27.512121993841927 147.33713107701368
127.91198504635288 54.52752357721818
144.58569425454567 0.34873246537285296
120.65451151630164 24.399430872932037
80.65981909185163 2.862279068265461
46.41814073709525 9.477662699563794
26.040592611499218 137.66128983254768
103.64369150780158 19.100534250172846
118.73931469917495 148.87386372990395
69.0151396263442 101.1674373879275
72.5168689805632 61.04233802068088
128.90085069306494 98.18057374293032
117.47750266518574 52.30359656774714
103.32595969845438 26.395842279133795
86.49316593576971 5.92394367670423
110.53286099604891 68.6762219479397
47.951123866971415 98.64284205695571
61.92174622607576 115.66139800604657
56.37008282868297 16.971353209035556
78.1254894426801 115.65517065570394
54.753206006928785 81.29792923322539
112.83871693481899 27.955806781761915
96.35721738849874 67.67281406833587
28.39862244817551 14.718707426647876
43.07735788909629 30.289225861094515
3.9693149198616107 83.31201839907234
33.11572285531694 17.73069269871938
58.37805989751059 55.81198085849039
65.21716418254613 53.290915609044696
90.8104203071185 103.22682721695402
26.137629097835458 9.590715092661561
134.15690219915268 48.597470065967045
113.69150159008475 36.10125767769649
50.60107646414932 73.15888787001813
113.01537790820787 14.077309365902824
94.54671479074764 52.470604401685364
84.03017132604309 13.086107765140392
135.18443546507805 56.31954978793353
23.67463689048292 54.86799023731826
86.108654011532 81.87980096020162
89.21487337820152 45.8998824593249
84.40794482095596 136.56921445681817
93.56584034090898 109.56369576632365
67.6639311528924 52.28184684320985
87.03429892086501 127.64507018234787
17.74022774395044 50.169221146404304
110.60749398735668 145.31003824484054
89.48215546089546 142.82488134484396
13.63252763546115 59.62557434268384
58.73094853903501 84.48629485646383
73.72409778615707 111.39180732453903
52.74631960533664 125.07328097267425
52.99318744332336 126.33665948416693
59.93102666006937 54.81174712697797
15.409927839041442 81.33179801456306
5.556847969031919 93.29561412866755
114.89761257731709 99.67142015652766
126.64924486364936 18.183087006022035
62.39533492237311 63.61870563584465
13.313206818143014 73.97014605409663
27.252546906182 5.735176511091278
80.79182180208272 23.552421652150112
65.27629442768894 64.6713617485728
44.7440483086389 26.918577442081038
44.00566171718302 87.96271328853048
71.86994366429167 101.4952683568155
68.8350373539716 26.260396149083125
79.8093029471008 99.26726156049783
143.75217769940116 96.85109506238341
29.148091073674593 106.41396765242456
81.56492356997305 146.6575314873986
146.76470354635228 118.71619523428882
27.415992434719865 93.77244393234973
100.28305774768818 20.001016964545222
59.090923621585034 2.476066299216151
76.19317019721501 11.645628173335082
116.0949312914788 40.88718459218767
69.2189919804256 34.12463996079722
103.86721403557138 113.44280101515616
43.914819605751255 90.75082637841726
20.738208696052375 141.00799994454638
56.82520638075767 98.4814896622418
24.1016382993834 73.89941709451314
40.40657012410461 112.83889007925858
43.88901046621788 41.15521837966831
88.18909720465395 19.566987126942102
142.4203941805145 56.56997264982369
134.29029857673444 56.60449036360023
8.842312596487334 37.50248252238881
12.216821318133464 87.60784222085263
49.2281045391871 123.04666917803749
7.599634446157583 76.21617731548176
45.13553923831649 74.37967291345856
26.88333102384208 31.702661635681796
85.99549416298035 42.06854715544477
65.43989015008087 38.106690050838544
44.811313805249284 34.79790904069113
67.30253725562184 15.716169434941019
88.5786935546701 143.5959539726573
136.27615744359673 50.17220853542534
22.379167653473065 126.92383569977905
99.9356864497279 147.65574717709382
89.94392922367697 4.464970166984799
130.41917893877738 65.2665351782772
57.65997429426957 129.5964896100769
18.88245968280069 32.28038014358259
122.82202256437411 41.39570702564122
20.0589998734021 143.20789853260317
101.3801230009105 107.84413874425702
118.59836610477316 130.1772535965881
35.026327653263 38.75162859666502
123.25899457692306 82.79839585347027
37.77085612265571 0.7452573162107734
5.870868404290181 122.93094612147551
15.447359812870143 6.168650167440775
30.247318429770715 19.419286831136244
7.821997640290023 58.97344636555322
146.26865201243024 47.36294861303958
123.4788178797229 32.83769981568996
13.775387524328425 68.42855232867083
69.40575870776665 99.43018929347069
72.99448211407957 25.054502738967855
108.5903284795753 1.2321103258407573
45.58571744049066 141.6280975943793
115.12258324638357 39.68996643173321
50.374057528577495 111.06817157918553
145.7095721544734 109.43542832287443
51.73209274153398 137.33397955817233
38.1947160224538 34.24184743011178
121.40144066874305 121.32588140437771
125.35485263204983 19.43468613651597
36.36507275605662 45.264052835394416
32.29407585984341 105.98975369900187
13.746611095901157 146.2866248084303
107.8681061559025 128.83251526194294
59.69498082314328 42.73659912148868
42.65691624567122 60.10751357644509
86.02007152438978 73.02154016913582
12.0630918262433 64.38920158192029
16.794829840847697 38.47345599770804
110.1489849419124 22.833413084814126
42.26912878163721 62.375364510905904
78.39037574981772 100.18520641350491
125.02461195308439 64.17733385069758
102.67776444978725 112.56044724643974
140.56449215458147 92.33325620468949
131.9265130464201 113.24648518250909
3.8227538432189903 24.528298986305963
117.36502953083061 19.195977344404376
99.40719623941085 74.83699743853518
10.499761361826272 30.35796833927232
139.78591015014248 122.85788929902591
48.27275875200527 114.93722375972372
25.70841435751522 81.09034216439734
61.76669120014592 141.10330304673053
79.92807828611635 149.43236712917593
1.716899628952634 27.794704602187593
39.64016255104802 137.31744529970044
43.70343363028738 4.402157037751431
130.84443123611626 79.47794464651555
100.880391908067 21.077847281597506
30.69142206124023 47.00981223397358
10.550823635713385 104.60352718508794
122.3274766928915 6.97503474974836
143.79314307294655 47.87136329159079
102.8285829031463 149.6477722443063
121.04686794015181 49.17815519278575
88.07543677166727 8.521411682932362
9.030186019791142 39.63579268307641
102.57783847124648 121.40024405302655
25.184152615988715 3.469674608702844
128.68493762334268 50.16104023101789
41.1022678801635 70.2180494097559
41.28369816969476 39.51771876721502
145.79774152538653 13.343830731466365
5.324381953995372 87.91929312125708
74.02352949070436 111.11106013813335
90.57315392796566 2.067475358682019
39.643036301535396 114.34482426118086
65.33808352141828 16.880114949973645
79.09203322177689 96.2933282798492
21.863260350607668 34.65004028550433
129.4139770034401 48.93425881157519
16.32027483817322 8.936407271811397
12.968049804942726 1.7112320156687122
57.95617893524124 140.94350758503487
68.38587813968478 31.932988504478132
114.62614526656102 44.03787818573328
64.18086658782374 31.94176858457009
81.19585908779644 53.993301809725644
78.15658712898883 86.66089319291993
132.63467328457656 93.10759711022007
38.45675349652053 146.44705595582928
103.8903741282368 106.61924080063783
63.31162370391697 78.94898705775555
23.649107536816505 29.642811941101233
44.391520286992034 0.34980531358722033
107.66099270917537 125.36289046071413
9.277740576131526 22.718650426843716
114.92266468318587 37.24625555523547
24.802217036324958 23.499056206762663
100.15091702524485 117.07589258392738
52.44421664983004 33.39013828559834
32.106708137175715 130.31052485873545
83.44042256675051 57.31040454883183
60.391718623169304 74.02581501983734
0.49929640855643775 6.208770591924207
57.00820957078157 28.889885776028233
125.96968722788927 68.69737609007899
85.32103999076409 70.26784231289459
75.9391697972446 127.8797828521368
117.95636898112328 65.65408291254485
90.55984091793681 98.68944579199227
24.381913018634684 141.19209292347915
110.58721295613404 105.1687090494081
57.048117657470385 15.261521555488756
127.3232521806406 34.63040869401073
98.76593735544961 106.22801336333255
6.159672858786286 66.9494306748126
146.48653890801023 44.95774554327419
130.27195177706307 95.01837514210676
62.108771265655946 135.2115186163841
15.013764171668392 142.97816578497685
136.45854427957002 44.80513503729438
28.26768427873937 78.06014971057579
39.049471917989344 11.997788692631678
117.41430695305108 71.4955486627182
83.89875710021093 141.32973089528127
127.9969287173275 39.671721596589165
140.38743594622113 121.0107229103592
64.02019731437143 3.712302119426897
76.73271262833106 122.62063726923736
36.7672862385596 62.16241387323926
117.15741214270746 98.12906426329276
113.9238314744211 106.7060784286961
87.7554615565703 25.829801810336257
34.12250288684097 5.282371189506713
58.85729961369018 140.71566632587744
20.565848790818514 95.64933826249106
30.231410295583416 39.28976519187917
