5 5 100
5 5 1
5 15 1
5 25 1
5 35 1
5 45 1
5 55 1
5 65 1
5 75 1
5 85 1
5 95 1
5 105 1
5 115 1
5 125 1
5 135 1
5 145 1
15 5 1
15 15 1
15 25 1
15 35 1
15 45 1
15 55 1
15 65 1
15 75 1
15 85 1
15 95 1
15 105 1
15 115 1
15 125 1
15 135 1
15 145 1
25 5 1
25 15 1
25 25 1
25 35 1
25 45 1
25 55 1
25 65 1
25 75 1
25 85 1
25 95 1
25 105 1
25 115 1
25 125 1
25 135 1
25 145 1
35 5 1
35 15 1
35 25 1
35 35 1
35 45 1
35 55 1
35 65 1
35 75 1
35 85 1
35 95 1
35 105 1
35 115 1
35 125 1
35 135 1
35 145 1
45 5 1
45 15 1
45 25 1
45 35 1
45 45 1
45 55 1
45 65 1
45 75 1
45 85 1
45 95 1
45 105 1
45 115 1
45 125 1
45 135 1
45 145 1
4.365074343290831 87.57121288034283
19.887574622673874 137.19912861635854
30.72405934299125 78.37868389930064
46.90846217069958 42.852036488752894
42.42966981125267 63.32023262044871
33.801206844501266 145.29867530478893
40.337882881720596 90.70587206471934
40.27827349694132 3.6596601500891
21.430248011465174 128.93648619281547
37.65017030366264 67.66758217098466
11.46684108276101 52.06776021041404
21.487222904500193 17.31788626360544
46.84491501596792 97.19083096156
26.48731637317311 27.30978129663161
16.12258222408924 61.87868716811368
7.27359983433894 50.16516349555035
18.30739690823834 110.47774024629521
45.35816818898268 1.328704387493107
6.834069962293732 128.2697627108166
0.49848768674744526 38.725755469142406
28.172915073974686 79.88356741240193
10.859145221669959 113.01424182546637
35.6252674708199 0.8190261641942143
35.59985456290323 56.51164300542717
24.627653110419445 86.54040166283993
32.553517492189116 120.34149283148793
9.040176583667764 28.60624594842596
10.26661792150933 27.32582131535528
39.45409017271897 128.91178514474421
18.142267083977725 103.11367816804405
39.584870296900846 129.24625837462887
38.505376024014545 87.3007216891556
39.944099778878105 48.75484212212817
29.717780609309045 40.65467863102314
20.233221709061077 56.909438283455735
24.867031639572048 0.2400894044424895
21.864228220822397 74.58572340427878
45.465902309691955 106.39269556269934
7.546160240305644 58.907835991299926
37.799600556080485 12.52095248524841
43.20606846636056 7.054225439400397
33.69996902396685 84.79409046931303
47.90139961076047 55.43519795554322
15.447398226843207 26.954260093030484
13.877128490435997 47.565387431033976
28.94323866139813 41.77903111281623
8.989098250544354 130.00391794235438
3.4315932806323444 143.3887110033127
12.920088102038946 114.75351680722315
36.72827682665884 143.24444791885037
38.52253657754034 1.339548108826838
38.0065250872995 145.3976956773242
39.40655819885666 77.9004237816902
2.3731246822010887 3.3031258607284286
12.305495103776215 108.28834888009634
7.756335521508878 84.12214885596423
37.572455734959945 85.0930656180537
36.46801273712085 120.09578203084618
36.195972235703714 0.987805021220739
33.07294307452977 86.17897377281518
41.04091953469795 38.71503404985605
7.153974178194184 7.658404947321317
22.51190004110309 24.375419529672165
38.58587089221782 87.49551343671426
18.80228117473115 51.015917858330404
4.506933068017183 19.768638454478026
44.5250640926046 25.483396771066978
26.80333543710121 85.8297115807311
37.56856497178956 24.72108634088211
19.714327319860487 20.180589390034804
5.768502478158005 56.179658363745524
26.523279491809593 48.34509737775255
19.48551508957645 83.68300600571712
1.47564621924271 127.91689699306922
0.9098109144168143 60.42288086653217
35.72211849367375 1.1427766725644328
7.397012315429452 3.1594513981423766
6.885658036337361 87.43075365417097
37.20710476418308 144.91432358850616
26.567731518185973 131.951335989182
20.82091595482547 79.16154995466556
47.88283185770369 3.9756952436358906
45.53793019749309 45.14042948969723
21.991638984789457 140.4811102297512
21.846522453496327 138.13485826143878
33.5801678851754 22.11887400770599
48.81949554145012 4.543189974977752
34.482786669982566 48.037601544758424
48.165886621414046 36.523235563859245
9.165177121363316 38.000588113847016
35.60951504066653 59.74323870228136
30.4454621091308 136.80878027177673
35.71020651246721 123.7798720411955
13.68529347139229 12.752993245507865
25.505343856898495 26.80034692467943
37.96384601285746 82.45661869495393
29.83664275606635 31.931718964492262
19.887702951495434 124.29251139287756
31.865862810335248 49.4021760607898
27.547898502496587 77.84899940994679
