10 10 100
7 7 1
22 7 1
37 7 1
52 7 1
67 7 1
82 7 1
97 7 1
112 7 1
127 7 1
142 7 1
7 22 1
22 22 1
37 22 1
52 22 1
67 22 1
82 22 1
97 22 1
112 22 1
127 22 1
142 22 1
7 37 1
22 37 1
37 37 1
52 37 1
67 37 1
82 37 1
97 37 1
112 37 1
127 37 1
142 37 1
7 52 1
22 52 1
37 52 1
52 52 1
67 52 1
82 52 1
97 52 1
112 52 1
127 52 1
142 52 1
7 67 1
22 67 1
37 67 1
52 67 1
67 67 1
82 67 1
97 67 1
112 67 1
127 67 1
142 67 1
7 82 1
22 82 1
37 82 1
52 82 1
67 82 1
82 82 1
97 82 1
112 82 1
127 82 1
142 82 1
7 97 1
22 97 1
37 97 1
52 97 1
67 97 1
82 97 1
97 97 1
112 97 1
127 97 1
142 97 1
7 112 1
22 112 1
37 112 1
52 112 1
67 112 1
82 112 1
97 112 1
112 112 1
127 112 1
142 112 1
7 127 1
22 127 1
37 127 1
52 127 1
67 127 1
82 127 1
97 127 1
112 127 1
127 127 1
142 127 1
7 142 1
22 142 1
37 142 1
52 142 1
67 142 1
82 142 1
97 142 1
112 142 1
127 142 1
142 142 1
113.90007504840415 74.01925054108864
74.47228187163877 72.23479980015811
70.07075529522874 10.053574758672767
19.21052778607386 128.89401185450424
46.926606542394346 9.647994346112732
39.19109325898537 13.926670738510156
43.857050268702345 129.92757488022932
53.64016625861138 15.805744947960592
55.87320141599431 148.6157385679642
80.31945425319604 109.87804284655738
73.3972755502609 104.39600967482592
121.67979360897044 123.38710416133269
5.425474531918678 13.489057630879042
1.2238558842601166 69.91364461520996
56.43170673162531 39.23886015924769
58.16742842719352 127.96932456998593
146.1282955478208 72.51671595994429
86.39525304554594 91.63375877190677
1.196163316763671 28.483839484551606
51.489733683703044 141.33672209066748
4.920955357390105 6.23451467369795
104.90951998084402 38.2685526482251
135.6764019938347 26.49313094506421
44.03514645974854 103.72201693403534
102.38273762421322 102.01318952797868
147.77919259947976 98.49814891760195
34.81610779741185 97.1426395439258
96.92474104129035 131.656162388006
6.28699949507327 87.0310600475751
56.86264005624169 143.13072473973025
129.31024802924492 133.14550751932438
87.69869613712757 110.28876546224478
120.31025351206485 16.49222820012481
149.5984637923939 65.83889147263694
54.52463545832483 69.80806981526649
28.648138104991855 122.42847463919611
11.793237440788202 29.27300842742122
138.6516241492527 0.11451663775627341
117.68090915449228 4.493908861993207
16.88546356945406 1.992854789794607
125.53196414278898 12.910763454126844
98.72335844186114 21.54300043644711
125.42042553121588 145.63437735885887
130.80426417926992 25.39097671501552
46.1065565272857 56.34637011527389
35.9800059672055 7.0935944143048495
149.4718379999449 15.447975445075224
42.999885894818206 44.77749407502575
33.59474582678417 69.09532583121667
86.50764141292228 15.715342810365845
33.34012082751883 75.95138754850873
5.355402985252677 85.76723434097217
111.9388310738763 37.10662944106805
94.75485397133721 126.78607166711959
41.2330071545712 23.891063999328395
99.44054140872746 98.12828752916886
18.344378003582655 120.82107935933682
132.24436261346028 122.86127101084642
91.07602508272788 109.41932457204011
17.01757639865774 61.35833319035097
22.37589151054612 30.510355359197987
118.38114917546831 123.9751402417124
105.50314355080474 29.94148791068318
124.21326546470091 67.53781023860635
76.5810743857549 2.3748166776413946
54.44347955119716 99.20680607373036
54.54638901539874 62.19852589595298
30.348471275620305 62.067692508889486
86.3390892118922 103.71572619436508
28.159055706563535 133.35245215030918
87.93857256512888 56.1108915704966
114.41801244731747 40.072267317402094
25.886478167622883 26.208987632652924
121.49710734212239 92.74751166285404
61.58832100939461 111.26123536750877
131.80181581409178 1.7580915492545368
74.77825265638913 33.90853790970859
9.238582621446788 39.00535663279661
66.61485752616169 37.72582582998579
16.165126936588557 6.625957704374774
85.2534166514904 65.22191016421135
75.04270862961658 86.19975621997837
123.72833643626807 33.06297308136742
3.609232521123568 95.8568948004213
133.54239281593007 15.956745217867297
58.33930735185864 20.028346505646187
148.83891198093633 122.91786193961484
114.16464884821548 47.86816037752516
47.80824769630783 124.482592892527
110.97200925080215 23.446048299375054
79.39646158314517 116.69964502432553
30.565519035854845 61.99493162563739
121.92547120047232 54.66773807644098
105.4361911689455 54.04893852845768
95.45377437925264 62.561879403088795
12.354798483150265 49.205528537958244
79.85816417455813 107.4222984771303
48.477330912184705 74.44016266504971
9.949933351711682 119.28059358035497
81.09001086168732 94.22653396174412
