5 5 100
15 5 1
55 5 1
65 5 1
75 5 1
5 25 1
25 25 1
85 25 1
95 25 1
5 45 1
45 35 1
15 45 1
35 45 1
45 45 1
65 45 1
95 45 1
15 85 1
35 85 1
25 55 1
85 85 1
95 85 1
5 95 1
75 75 1
75 55 1
65 95 1
75 95 1
81.8065968453056 32.178155612963465
70.08582082931215 27.71151711684553
58.97488712807725 57.24079094282407
38.05970807596783 2.0711233868423884
73.53485983504076 99.75611206371407
58.769279113407 91.66002685355114
24.727964260248392 56.41942670672021
5.935943727725124 7.8716424746370866
30.187101630825484 20.298484128473994
19.580665887570937 95.10226456178978
71.77030038235907 5.517442227438785
13.143455875362198 36.132505049177
67.33297567648361 86.99038672214245
66.50554732395109 52.07530200330147
20.797894978550048 3.9364260154571284
12.342841128139458 23.78945385895581
58.56146987314287 16.666330318686907
1.5529602085104122 70.34499924006695
20.530503615231076 49.9594145232497
71.68200573377422 0.5614516683230542
83.96597448760883 93.03375706659149
65.77316508870632 59.55684862100041
5.696717909906535 55.899729266312704
3.1188006853037353 38.70049557448267
11.38269614325469 74.58500351507202
40.83670610161694 56.23941585636675
59.671615115500174 32.12478452582606
79.25197632198136 32.852594585424946
10.26347869591544 7.171424345577093
82.96635767021577 45.57524756828146
91.25520049424271 73.3286644934794
60.988067307986235 7.58130712265247
98.70806167106461 98.91373340215664
14.61200047588732 73.44314689472995
8.74900022660442 87.02352209904507
98.57126648864156 38.22728469170272
87.04208595571818 78.49856252421233
23.101134896944053 5.865049198330874
66.12970331921882 9.821175219601908
73.75223538772556 6.567067777537017
32.74453881277424 79.83834942462482
67.33525683565989 54.78532916604579
61.536147592216 85.0406290384116
46.24393511331471 40.62595217585283
79.23841266097922 75.59904708586289
64.81782620287893 85.32582761596295
19.009682473356527 80.92347231167214
55.10924657808886 93.0773516978235
81.81861046883178 80.46179140431458
75.33752833232533 55.72714444169874
79.14946195525984 76.56119430121859
55.97563559326242 99.55389590835124
66.65871544563997 44.8871150188495
25.613849425004332 1.268210437340711
48.343937812746596 47.59489776606644
19.485120836498794 89.43373487786836
71.10192215805901 4.710939713202955
22.664967169327344 53.13047370699435
86.1628190589339 11.758799570738898
45.344991098542586 33.41046229916621
43.05901969798559 8.176555428206523
27.77843278371751 91.51430768745891
53.61814083838924 22.553199847699567
36.0998644406894 13.782776472163839
37.44907994107022 96.30146493018827
21.557494222698093 40.89758152927985
29.477698804372178 29.69677074783782
42.07559215965 18.699463032097242
44.15991794334296 89.4199474165102
4.751300876991982 92.3062308041404
89.51299825947176 75.66975899252675
11.68059285733416 63.25113782827842
30.431935182170523 21.53799940906842
52.924879980427164 88.35376928791622
51.02189726289448 98.54981580206837
83.24532129115761 77.66578453087288
88.3635966759116 58.7615519209973
94.08605858666252 83.61133366554358
2.5807013237632126 78.45121915447383
21.301006025159808 94.77595345600851
79.93485589427826 22.43177199906191
10.930765997683556 25.414146928115855
61.6086248255061 37.13140235744186
16.883655394958875 52.68322717159648
27.333075701397934 7.5641595574332365
30.00868395184585 43.1900380261152
9.199904593012986 7.871262442793703
16.839454548819187 4.713904322968454
13.296976890450441 14.653354596566793
67.85369733638468 92.30286964973834
38.073791287713036 33.29775666736572
35.48600954081772 76.99544778876457
30.325993351622305 57.3871148553182
23.24678344681167 65.75380952452933
80.91347633311308 89.12489164531677
68.00597837369918 3.189798551887646
68.19284379007148 68.84158371216444
79.54192409029007 31.404649944707153
32.06802248350081 27.597962142942823
82.72630994817011 43.581623420091105
